"","OLSBias","OLSSE","OLSCover","OLSBSE","OLSBCover","SSCBias","SSCSE","SSCCover","SSCBSE","SSCBCover","SSCLength","SSCCPCover","SSCRegBias","SSCRegSE","SSCRegCover","SSCRegBSE","SSCRegBCover","SSCRegLength","SSCRegCPCover","SSCRegLambda","SCPIBias","SCPISE","SCPICover","SCPI.Cover.F","SCPILength","AbadieBias","ASCBias","ASCCover","ASCLength"
"407",0.75849910671732,0.211708436287327,0,0.219026303219629,0,0.00654064606391014,0.32232488179872,1,0.542119864286378,1,3.89535105620727,0.8,0.199408205135543,0.304070156354095,1,0.486159257034581,1,3.48228731053845,0.8,-3,0.71752193158385,0.673619488114439,1,1,2.53219155155706,0.76263782250727,0.748165662884472,0.8,2.64796374861724
"177",0.691426179794221,0.214333396890992,0,0.2182175827521,0,0.256997342022272,0.321493188549611,1,0.333036977356334,1,4.19933779891883,1,0.256638209600884,0.32135664166508,1,0.366500742630019,1,4.19901736322648,1,-5,0.651068456478542,0.531505377913193,1,0.9,2.18768612688262,0.658872508144206,0.0083714858136239,1,4.84262905644435
"75",1.07940562030126,0.210569235689718,0,0.266007965189106,0,0.717724188537298,0.359118595777299,0,0.494953491254182,1,5.091353962415,0.9,0.68599191155882,0.336733206719187,0,0.494065756475582,1,4.858441362528,0.9,-3.2,0.997445658145083,0.377976421571245,0.9,0.84,1.56987416810389,1.31277499592812,0.963885475328365,0.8,3.00352049520516
"456",0.961613403968192,0.23154290670481,0,0.235977290053881,0,0.142710299180864,0.384217641960296,1,0.441290469923962,1,4.40569802547404,0.8,0.207372491566025,0.374229829591139,1,0.414272259902563,1,4.31142044007386,0.9,-3.8,0.935858154029658,0.316246953796453,0.6,0.8,1.17833028453582,1.05793839436214,1.04476693229359,0.7,2.56709291586472
"355",1.53901492905549,0.22778806433752,0,0.240207460144114,0,0.56000386682835,0.450598752521271,1,0.843691447397401,1,4.83999364087935,1,0.561570494805957,0.450335603082179,1,0.778117809373376,1,4.84422804029011,1,-5,1.41077623232383,0.630032794250368,1,0.98,2.64078546116285,3.26870369875203,1.41020901840114,1,4.49550052331744
"238",0.863085249325305,0.24032105132,0,0.322282180275389,0,-0.697108280323183,0.637241715467569,1,0.89255628171092,1,5.88587755983392,0.9,-0.591866987838803,0.60664759889603,1,0.854317066990363,1,5.73238786871255,0.9,-3.4,0.648763592947054,0.545230591387397,0.7,0.8,2.16776068113097,2.93510032448391,0.695082563523904,0.8,3.62316342559722
"104",0.667356173644695,0.255352434932623,0,0.23167488780052,0,0.450544756040501,0.331566842771726,1,0.475717473335708,1,3.8960786428691,1,0.450911655506096,0.331466491544008,1,0.40765651558331,1,3.89309826997663,1,-5,1.03625886640441,0.552208064257406,1,0.98,2.18789664039682,-0.260656722864391,0.88189559368276,0.9,2.97763229638182
"452",0.667593701677163,0.265172097459685,0,0.317837195494972,0,-0.0367903077035407,0.360308552847573,1,0.607765277564763,1,2.4110937485555,1,-0.035420305888386,0.360025761989995,1,0.697872338639521,1,2.41204014596942,1,-5,0.893690487286669,0.569805840502201,0.9,0.94,2.15163579224475,3.02010187571046,1.03445910595823,0.9,3.25485381597045
"57",0.805165788030591,0.182616885399796,0,0.158383075950101,0,0.541423335693509,0.214204948273991,0,0.368777363664985,1,3.31304458367276,1,0.574475844643425,0.206261048562265,0,0.311692041673711,1,2.97544357661331,1,-2.8,0.69447050399944,0.473758496423622,0.9,0.84,1.89865543811632,0.033320843275443,0.806884831934033,1,2.70965584649028
"321",1.70690484980039,0.31434899919658,0,0.27750705163455,0,-0.583043503514546,1.05026113986274,1,0.61126382802684,1,7.35252568225764,1,-0.288065279635559,0.96918960480704,1,0.569030991834445,1,6.80883135886295,1,-3.6,1.33969130075277,0.592213080032935,0.9,0.76,2.60817944633367,2.97428878410436,1.67982729636395,0.6,2.93864516758498
"433",0.721534940526276,0.25209766586131,0,0.296456948782233,0,0.137669999344652,0.359092491813747,1,0.73152198232782,1,3.55627880150141,0.9,0.138832120735696,0.359062440517324,1,0.687546906294341,1,3.55471852402668,0.9,-5,0.56151516548116,0.87759328315183,1,1,3.33421357810522,0.562800455275415,-0.471494398784165,1,5.40421512738199
"269",0.800721893420019,0.21603056525612,0,0.287373915661645,0,-0.21877441860395,0.423027203325359,1,0.940680793401521,1,4.53024714860317,1,-0.217233119207812,0.422819340027252,1,0.74533246790258,1,4.52933198653051,1,-5,0.736385425952162,0.661666252888852,0.9,0.96,2.49855208512793,0.846436256720035,0.828298846610033,0.9,3.41646273879288
"283",1.05085108627235,0.267941607836051,0,0.262537704519469,0,-0.398188145610284,0.770813375525716,1,0.526192216688064,1,5.94150729522843,1,-0.166301379507234,0.699299270315379,1,0.478714816392212,1,5.61329523054451,1,-3.2,0.825033024751292,0.649461091073343,1,0.98,2.6196131619497,2.13714242721206,1.03520841579263,0.9,3.4784232621634
"297",1.05189807184818,0.247742036475842,0,0.241734375384944,0,0.0600286460199153,0.516888712205832,1,0.798439787836503,1,7.1202872164356,1,0.0620427312266738,0.516364023940251,1,0.76715368179267,1,7.1171140070751,1,-5,0.947585839092413,0.478773326432038,0.8,0.92,1.9168991583168,2.8700553442548,0.995346944792994,1,3.74299863710498
"519",1.06226785675354,0.209508503342685,0,0.228444331671513,0,0.44104631692496,0.30051846326839,1,0.450252904075359,1,3.63165717933319,1,0.44311712585484,0.30011747958381,1,0.440661807217067,1,3.62608301370476,1,-5,1.08565929744018,0.552269262680469,1,0.98,2.08964805788174,1.08519058588609,1.05920936363588,0.6,2.3251856895231
"293",1.06562243717099,0.170960468990496,0,0.1565362819775,0,0.8075930012647,0.220608056530439,0,0.292012152629715,0,3.01180251366754,0.9,0.828392418106517,0.208123125580038,0,0.278937061704837,0,2.88166338395177,0.9,-2.8,0.940162783130153,0.492029977733141,0.9,0.88,1.77208279288442,1.60231553459202,1.00373412270511,0.9,3.14396745938501
"88",0.851906169266251,0.25195572954699,0,0.314851822860691,0,-0.503419026423191,0.481702794558301,1,0.978360041521711,1,5.88266551171633,1,-0.449736774945709,0.473121410206953,1,0.75438288341573,1,5.79727566022622,1,-3.8,0.587096085556201,0.579608745355038,0.9,0.98,2.10084907632856,0.642404619584133,0.633914722731355,1,3.15933969526428
"362",0.983811058538584,0.205152380203399,0,0.200458745036411,0,0.700642002179877,0.25033678322918,0,0.275797207109093,0,3.48139053511946,0.9,0.707237529681808,0.249833482773887,0,0.263430822316597,0,3.47919690120928,0.9,-3.8,0.950418101922782,0.303312172999062,0.8,0.72,1.40305053399245,1.61726038071474,0.942414489753367,0.7,3.02195161973994
"28",0.345930456896198,0.141159307128643,0,0.156318300926703,0,-0.0784083050152158,0.213706855040473,1,0.276292646080283,1,3.38657762540541,0.9,-0.06719539347888,0.21152393135563,1,0.266969937849219,1,3.3459050028943,0.9,-3.4,0.440890476320688,0.383261729086304,0.9,0.94,1.58982737022043,0.449873734608767,0.458587908448322,0.9,2.5197109055318
"438",1.17629491635865,0.220615306494116,0,0.266672558131624,0,0.847913093529096,0.349820479879429,0,0.978255123922135,1,3.64077214316356,0.9,1.03233820819832,0.330566030638902,0,0.844161861188205,1,3.14111712937691,0.8,-2.6,0.846211924221686,0.472065591624359,1,0.94,1.85186308538344,0.827472586356353,0.822448826925617,0.9,3.05316682425508
"481",1.03247016665084,0.199878801191531,0,0.181040715539388,0,0.170206978755124,0.291528204379645,1,0.47302334462602,1,5.44072337061101,1,0.172370569619765,0.291281038549873,1,0.463689471351776,1,5.43817731593461,1,-5,0.929020664758518,0.435546251377892,0.9,0.86,1.82299147019424,1.0207352309133,1.0052168835589,0.9,3.615899344738
"198",0.754157292453569,0.237565789494608,0,0.21564997691643,0,0.0435296992839254,0.246833912952522,1,0.355029583978852,1,4.31901423040434,1,0.25236403005043,0.232824653794094,1,0.326077691884394,1,4.17099481018716,1,-2.6,0.544921322833352,0.409119357822576,0.9,0.74,1.67626984945643,2.05482032694382,0.576476900653164,0.8,2.78425773672039
"182",0.697029288938516,0.197601237904574,0,0.222721593167567,0,-0.398195828652617,0.5742831079438,1,0.592791580192589,1,7.06781430131415,1,-0.397396981336853,0.573610070032673,1,0.577875578109045,1,7.05722236819363,1,-5,0.571142475186345,0.524241852998312,0.9,0.98,2.15736283905769,-0.0431646350930959,0.490913777582588,1,4.18958058805178
"411",0.914251947863754,0.278973229757273,0,0.379669523411793,0,-0.108915144378108,0.47993882560714,1,0.746003187099918,1,5.72515095921528,1,-0.101704748777167,0.47792040752749,1,0.745556824016477,1,5.71338220719741,1,-4.4,0.93709667312915,0.634536206797761,1,0.9,2.69984041418957,3.57746182786995,0.980727944204577,0.9,4.20150416755035
"443",0.848845464254562,0.300984270318411,0,0.231473965689858,0,0.314134309736091,0.223483136782212,1,0.326931210862673,1,4.4263277627445,1,0.343026471977705,0.220709617163158,1,0.330878971880757,1,4.37703381776993,1,-3.2,0.682202246353008,0.567812718101303,0.9,0.92,2.1492586134658,0.714687023692112,0.737459316783435,1,3.04412535522178
"493",0.652428955469582,0.280234837450786,0,0.285665586394869,0,-0.483663794327773,0.381242436679331,1,0.872220863498484,1,4.49027626566814,0.9,-0.372172589073309,0.362780246546962,1,0.782757318549659,1,4.27882472208065,0.9,-3.4,0.66735147383764,0.720025972850623,1,0.94,2.85420374044276,0.798094400526211,0.787690714546078,0.9,2.76072997579324
"93",0.553072992070724,0.290400759513362,1,0.327545830122309,1,-0.60870146502018,0.689401000684961,1,0.616174154065156,1,5.83323111536364,1,-0.584233091494049,0.673905982933054,1,0.612795184821801,1,5.65764046072412,1,-3.8,0.49507110678635,0.799562837062305,1,1,3.29335624345249,0.569526395111583,0.698894973452886,1,4.37156069819098
"72",1.22760398114788,0.284827462343879,0,0.274323755033512,0,-0.423368011382266,0.760693658754445,1,0.954021126267653,1,5.68747527413015,1,-0.415734245258026,0.756879546200703,1,0.898752651885992,1,5.66133282776517,1,-4.4,1.03979439569766,0.578727364007472,0.8,0.84,2.2829883812065,3.16473657688823,1.00603195959853,0.5,2.78982737582398
"254",0.473861754861993,0.268720265749624,1,0.318989038290921,1,-0.942063473203937,0.738250197340178,1,0.475045391778606,0,6.21927984531562,1,-0.923781938368155,0.729418454490586,1,0.491688926225675,1,6.16032370763794,1,-4.4,0.602426976952525,0.372324897768656,1,0.92,1.47307180385004,0.602651691468849,0.585456477786837,0.9,2.71432453189234
"429",0.764654382637609,0.204753602024149,0,0.307965456570926,0,0.0119621932898739,0.385679670850548,1,0.904008098491711,1,4.47179518929873,0.9,0.0269303339269658,0.382018230170501,1,0.73089743810908,1,4.42095517423377,0.9,-3.8,0.745400308634933,0.352568527878143,0.5,0.74,1.34414790877971,0.730152362374731,0.663135192694443,0.9,3.00858957887892
"426",0.676767498404724,0.143134815828194,0,0.147521075051798,0,0.000268281663344805,0.255373740235684,1,0.695551048188798,1,3.85784253546043,1,0.0183392675854752,0.252282971090157,1,0.652644167444559,1,3.8327867617885,1,-3.6,0.58721021871731,0.516491666677284,1,0.98,2.12164965382578,1.80473609356081,0.543478910511296,0.8,2.71380594811807
"246",0.715249764313021,0.274430710731193,0,0.220397956459995,0,0.0563691165758984,0.281930895800641,1,0.533140415290054,1,3.78030854582882,1,0.0574827655134613,0.281927978307949,1,0.525595986374669,1,3.77838585824281,1,-5,0.587879661077248,0.547772172492485,1,0.94,2.00800823227893,1.23860173650154,0.579990410867246,0.8,2.70342027371286
"492",0.959060480114213,0.192607224517137,0,0.189568603665122,0,0.320490034704673,0.245958728825323,1,0.462277810269657,1,5.22596094496648,1,0.321170057615343,0.245801405758276,1,0.49390982906451,1,5.22302543723522,1,-5,0.990919934644703,0.343523292844996,1,0.82,1.45987488452535,1.46885195299027,0.903045736989073,0.8,3.08999004846671
"464",0.674429599253738,0.210058801988183,0,0.206556881187081,0,0.138910466753123,0.266790811772469,1,0.32087949011152,1,3.75078219959811,0.8,0.139443029787297,0.266734046164342,1,0.291065543062362,1,3.74931117225584,0.8,-5,0.625236124226575,0.577572103633084,1,0.96,2.21594132273941,2.25871581400202,0.610503043430928,0.8,2.93524954150675
"58",0.80454473332423,0.254629869104354,0,0.287015541717116,0,-0.150449419159917,0.401097420895707,1,0.462906017387473,1,4.2430104005282,1,-0.149349614955031,0.400739518435632,1,0.461396867619753,1,4.2395843339456,1,-5,0.551774877397986,0.591536835047705,1,0.98,2.52641109353522,0.554240651874007,0.552967530093012,1,3.32601778820001
"122",0.9572908169614,0.185022402620479,0,0.218154657542291,0,-0.28031851698265,0.557975930436515,1,0.629930349553039,1,5.86716142946406,1,-0.278594025488245,0.557735175425592,1,0.627061255050547,1,5.8646309198224,1,-5,0.717477410276546,0.357159534114734,0.7,0.76,1.46067613764567,0.707991838606242,0.674573495991767,1,3.86202358693263
"380",0.779267581969289,0.239792986967192,0,0.253586844298977,0,0.0617416331032139,0.311181750787723,1,0.510959334401281,1,3.50033896938999,1,0.0745086629299236,0.308348341079576,1,0.490230708510158,1,3.46698759407089,1,-3.6,0.527246970451613,0.398512564630593,1,0.84,1.55810635136835,1.34125150615231,0.553343864969374,1,3.28278970883779
"29",1.04613106487244,0.234300089536313,0,0.280732124702439,0,0.0347485409580583,0.412634582769239,1,0.549293340214944,1,3.8904446585894,1,0.0370100253215742,0.412438577849084,1,0.549727347386404,1,3.88710167840877,1,-5,0.883427868207564,0.56583979183491,0.9,0.94,2.52410703527974,1.81994982289228,0.90402569161294,0.8,2.85677403614664
"38",1.01370141165067,0.259944727568211,0,0.26229745018573,0,0.104987850814052,0.293946952598527,1,0.462399593634963,1,4.57794047916657,1,0.106633715015905,0.293663740599697,1,0.443830732019125,1,4.57665807074923,1,-5,1.04549082452501,0.642877241565454,0.8,0.84,2.44196524301234,1.0990283277468,1.08008193903843,0.9,3.37695860292888
"294",0.437417973046657,0.261740037057473,1,0.330868165882424,1,-0.380940615004625,0.440657700550702,1,1.01652734662899,1,5.39068731769475,1,-0.217207728769029,0.40433172630295,1,0.861072870521914,1,4.99683747228466,1,-3,0.539252570499355,0.373195216971829,0.9,0.94,1.44582610055507,3.10808153632902,0.640398055534804,1,3.47666384059809
"280",0.478658950590648,0.182031563839969,0,0.206466362957393,0,0.000932410956861141,0.315613157916338,1,0.401039224191571,1,3.75444769241183,0.9,0.0446646571864093,0.313161924899218,1,0.348482959981019,1,3.65758418843292,0.8,-3.2,0.513806794252795,0.429505268326367,0.7,0.82,1.56563757940892,3.12226957387936,0.533089951322764,0.6,2.47258986178556
"466",0.497476629351409,0.216094388089842,0,0.195811458176973,0,-0.195755633388389,0.328400287121236,1,0.434280873800533,1,4.59999064814291,0.9,-0.195398518310003,0.328305298746734,1,0.428352949005898,1,4.59918711361553,0.9,-5,0.497809044498597,0.456413181077688,1,0.94,1.94535708398786,2.32974956674997,0.527652246776499,1,3.24308569095633
"158",0.837345208596924,0.191564966856838,0,0.242105547039844,0,0.633952745913122,0.249910501967152,0,0.310272234861754,0,2.86903074713532,0.8,0.634393466975358,0.249942985349915,0,0.308115611353987,0,2.86698348359704,0.8,-4.8,0.577292674055133,0.566365264844327,0.9,0.94,2.42895153584788,0.662222197534802,0.536344226616873,0.6,2.33237519029595
"422",0.880715404819068,0.241582195314034,0,0.288788507952222,0,-0.768843707797055,0.797537412083661,1,0.544165196456943,1,8.36831658060554,1,-0.542235842148515,0.734850284077623,1,0.4986120039395,1,7.57218738027755,1,-3.4,0.631036009370066,0.42448357714285,0.9,0.88,1.76760963719452,0.612163369009342,0.610534520420965,0.9,3.5249992812277
"347",0.935919236554142,0.230837472664072,0,0.180024064023645,0,-0.216665013825029,0.534569675836304,1,0.503278670802449,1,4.56856642775766,1,0.310178056506371,0.491967378402787,1,0.398208686793805,1,4.1199221848317,1,-2.6,0.852580480795477,0.416537651908187,0.7,0.8,1.42829864548711,1.87274222180148,0.89821137423648,0.8,2.78820763245151
"229",0.658904273142949,0.222437183317023,0,0.247536194574306,0,-0.576755904885393,0.488992119882441,1,0.597211325991507,1,3.76872304593914,1,-0.573554002946235,0.48814926234664,1,0.621901822183771,1,3.76665274619196,1,-5,0.459105714084735,0.607165470797168,1,0.94,2.56279352058255,0.399403899882384,0.376442972830889,0.9,3.08763475759298
"48",0.518991704072277,0.188706011108657,0,0.165722719599861,0,-0.0195803349142949,0.240597867515524,1,0.347963611763513,1,3.83442463785811,1,-0.0188273847550198,0.24050343828825,1,0.317985099439221,1,3.83121887172767,1,-5,0.567928677891978,0.37188537473623,0.7,0.82,1.32927259349492,1.45015883085286,0.645267120934711,0.7,2.1250577049016
"290",0.562752476388115,0.199015868867729,0,0.195775896315094,0,-1.10685542662382,0.478537608123816,0,0.46973927590711,0,6.84005893247599,0.9,-0.64808684721138,0.426062899626436,1,0.494140941110529,1,5.55783736009616,0.9,-2.8,0.406346654686891,0.45586915139668,0.9,0.9,1.96444741233293,2.65382490541811,0.436295112918,1,3.10721941687213
"60",0.620687341009456,0.263160081074011,0,0.278366835706797,0,-0.685811270829699,0.627069515491479,1,0.54636937250646,1,6.18970408320081,1,-0.57653805677728,0.59504929792231,1,0.494719187929451,1,6.03021569785158,1,-3.2,0.398472399981676,0.441010956918983,0.9,0.9,1.76407307051737,-0.330797035792125,0.396878335689259,0.9,3.78605868193083
"189",0.131218637967618,0.219962890978281,1,0.21126258463172,1,-0.894567557384624,0.395458065160804,0,0.496781939111586,1,5.75442421594744,0.9,-0.873271030416793,0.383639695482258,0,0.448340504650081,1,5.5740431466203,0.9,-3.8,0.157355717709334,0.653285054818802,1,1,2.38001060990821,0.216472702972057,0.228622801752987,1,3.20783816268811
"395",1.23054087930466,0.288746555596696,0,0.224238075585485,0,-0.406608774431428,0.778049777436894,1,0.632886153110248,1,7.38229541326395,1,-0.20469461785671,0.706477476574278,1,0.551866074695554,1,6.83615136892149,1,-3.4,1.07138185080612,0.396860986722215,1,0.9,1.5764262585491,2.16959631397036,1.13198111571618,0.8,3.1647497566327
"350",0.374154896029012,0.308566396064307,1,0.279335969420428,1,-0.922254434457005,0.70781628938802,1,1.38338755167533,1,7.45680442117915,1,-0.628301183585622,0.569330211609387,1,0.734434248961093,1,6.34256425453077,1,-2.8,0.500602583738821,0.596441971045692,1,0.98,2.29492004191899,1.86292523053019,0.569302242202734,0.9,3.51995735069962
"127",0.750709122317366,0.202783864768335,0,0.222924200254613,0,0.113046890154695,0.32664123797169,1,0.41374213824918,1,4.2464901240891,1,0.11920456323422,0.326167078659628,1,0.396704826802594,1,4.23995984948045,1,-4.6,0.799692671740147,0.469355211015863,0.9,0.92,1.79173343903436,0.776312755875323,0.766748839055376,1,3.10430755044954
"351",1.18610919659014,0.205967639990903,0,0.239637473711695,0,0.22821988803414,0.396218777181947,1,0.411805998219944,1,5.52348822000037,1,0.382664940443617,0.360010985499193,1,0.52955297776904,1,5.11273836325352,1,-3.2,0.970504585063486,0.404882241959288,0.8,0.86,1.72332160429424,0.966669279023291,0.939686966268709,1,3.69850587074488
"152",0.565016639672787,0.212308350737546,0,0.217617284781431,0,-0.937060143442224,0.797435491549544,1,0.52828790129925,1,6.1298872023902,1,-0.740417651653363,0.698935367112628,1,0.442917635475034,1,5.70922718330532,1,-3.4,0.257852802988821,0.427895763051271,0.9,0.84,1.77706238223016,0.403955931698261,0.382180734506741,1,3.37438835520845
"446",0.815192179243205,0.169517978354299,0,0.155771587599014,0,0.377133406270417,0.214354725069569,1,0.24117333351789,1,4.26091868971537,1,0.382533868434825,0.212894549224804,1,0.253088972012319,1,4.22837064948736,1,-3.8,0.789324132931931,0.455176038118899,0.7,0.86,1.54735295625457,0.168022282602074,0.768134221004457,0.8,2.56727519097986
"163",0.358713890341032,0.233802749591516,1,0.249904902227283,1,-0.185028140175501,0.301179150874648,1,0.596068457835096,1,3.66242392299622,0.8,-0.184340562957434,0.30104780559357,1,0.569857887494109,1,3.66212898514925,0.8,-5,0.395115804318503,0.560136826472755,0.9,0.94,2.35854081946926,0.41279287220046,0.419396874915769,0.9,3.5163177634151
"291",1.03542208020639,0.256793700271431,0,0.262112160385987,0,-0.928148531689001,0.847527178829401,1,0.994457263208667,1,6.5663325498138,1,-0.800518323337738,0.824126161011131,1,1.00899914101555,1,6.38047215096974,1,-3.8,0.637196111790467,0.552039487288542,0.8,0.9,1.94880176034699,1.57927700655038,0.72994520689668,1,4.00950625083915
"181",1.35952590956506,0.203661608605844,0,0.218715429673003,0,-0.0370221629189977,0.586360708492791,1,0.958497810407714,1,8.11259421066744,1,0.0914458126771724,0.54583406359968,1,0.926898216960017,1,7.66022601348256,1,-3.8,1.006620444925,0.364250705085988,0.8,0.84,1.43147252025462,1.03416703955155,0.605968433123659,0.9,3.59122025465054
"324",1.43946137968436,0.179318031938256,0,0.18940891924981,0,0.779288346294599,0.252141123011225,0,0.455559185373425,1,3.84954428440571,1,0.780961843025325,0.252060033260581,0,0.412169923374011,1,3.85171184473465,1,-5,1.15418505424364,0.464490059932632,0.9,0.82,2.01691606890311,1.00222513453562,0.990115724968817,0.9,3.4993810210697
"204",1.14299500295858,0.34848633225513,0,0.418671224556966,0,0.314703857023507,0.554991459279666,1,0.822895425503199,1,6.3924957653785,0.9,0.339412425775094,0.550144151291414,1,0.732682121588522,1,6.32172796028321,0.9,-4,1.16266423607077,0.368930118495881,0.9,0.88,1.49112572254306,2.76003584798717,1.18495542247332,0.7,2.73072351846606
"316",1.07628781996727,0.255867003099521,0,0.286904757961111,0,-1.40216381400462,0.988998901525401,1,0.721206932349408,1,6.33110945098604,0.9,-1.38063523294954,0.982611535519078,1,0.659038059524707,0,6.30139291430988,0.9,-5,0.981424748288323,0.464675825775076,1,0.94,1.81257678628253,1.03378646824815,1.01875558032152,0.7,2.66458556711597
"342",0.759808825912136,0.235307371999893,0,0.260077117854195,0,-0.0911901064274034,0.382362759367719,1,0.419710612750133,1,5.65275148958043,0.9,-0.0899694192683502,0.382034040167941,1,0.463032671320931,1,5.64766082051422,0.9,-5,0.888988399448044,0.379700011547001,0.8,0.92,1.47812456077873,0.911016505121331,0.908903087210505,0.8,2.91703276529934
"298",1.20875020361028,0.175260204872437,0,0.154923495628628,0,0.43307093496842,0.305863824866682,1,0.464190928262387,1,4.07838433368402,0.9,0.484135691336354,0.293784473052186,1,0.395286713153208,1,3.95788752145455,0.9,-3.6,0.946765808272279,0.42371116459529,0.8,0.84,1.60294800299649,1.53233508966975,0.946793358982213,0.6,2.39564529459297
"503",0.458744855569746,0.207478238312248,0,0.255276283037896,1,-0.687338638927148,0.333780290914155,0,0.562034834687822,1,4.46553197888138,1,-0.684874747751784,0.33322402450294,0,0.528562056825572,1,4.46388505586067,1,-5,0.323511351801473,0.29626108322633,0.7,0.84,1.25064464645292,0.449738385273627,0.435711343025766,1,2.64374648516722
"155",0.977894999808472,0.262740813564133,0,0.315271760061573,0,-1.21544734301334,0.863526534513429,1,0.873249592923504,1,7.54486369756316,0.8,-0.902585838771683,0.777799328544208,1,1.0138162818953,1,6.96293666932555,0.9,-3.4,0.840482782729259,0.426002620198798,0.6,0.74,1.84979950392063,0.79231208887209,0.780516538832433,1,4.60423481681646
"188",0.884950159428898,0.16385570411955,0,0.171694479291808,0,0.0515969887707008,0.294917490945482,1,0.306662202049685,1,5.18784811034357,1,0.0951436009565128,0.288933250014841,1,0.263344264638569,1,5.11590928400755,1,-3.4,0.728288682505833,0.418947591400975,0.9,0.9,1.75483392146923,1.77524181059971,0.749623382506959,0.9,2.97794713749845
"383",1.11220730776132,0.171676064824936,0,0.236758700730554,0,0.695278227511551,0.259303023702466,0,0.615478116918731,1,5.34002635520971,1,1.11049725982554,0.260241731629179,0,0.583988818609686,1,3.52105458695815,0.5,-2.2,1.06268395080632,0.380149538053603,0.8,0.88,1.52018750640659,1.03729249836746,0.949536727660763,0.6,2.95069692421631
"445",1.03366766217062,0.236704748489199,0,0.207811831831145,0,0.478199151806223,0.432181902185722,1,0.740345755139198,1,5.89978935986314,1,0.479129836537483,0.410838924111805,1,0.673976029877275,1,5.49115152441461,1,-3.2,0.96421851666963,0.669742921256809,0.9,0.96,2.23248220435206,0.125651870565608,1.13671228117559,0.8,3.02513912356556
"454",0.550005366727534,0.226840721461501,0,0.252205110699064,0,0.170194178211918,0.276483173754072,1,0.389781646931574,1,4.14988547064307,1,0.167044952314561,0.276813504695612,1,0.439697239784273,1,4.13812418815743,1,-4,0.627378259423242,0.439410444545946,0.9,0.86,1.7081056209031,0.631244778537206,0.651600378381058,1,3.0473811895571
"346",1.14590704237076,0.14113924843155,0,0.134398963123559,0,0.811903067739436,0.187429229938378,0,0.202243908034262,0,4.02483459425543,0.8,0.972688407979491,0.178288509486063,0,0.200786033543711,0,3.23887056040836,0.8,-2.8,1.16006991613201,0.461304713241908,0.7,0.74,1.8596387729179,1.15786286770486,1.1538546543237,0.4,1.83535875813195
"258",0.83605859863199,0.238041817183915,0,0.284528294501408,0,-1.60073743547222,1.16994840178707,1,1.00930101155683,1,8.96638879255666,0.7,-1.53123413520554,1.1466745277044,1,0.99300702301524,1,8.80711889248564,0.7,-4,0.65215288481917,0.542170941431727,1,0.88,2.43361130330566,0.687735827726382,0.69996346624105,1,3.34220231511402
"232",0.932828418302456,0.265778771613233,0,0.346912127651233,0,-0.587365719048819,0.799581748609397,1,1.12429773826979,1,6.44017838123085,1,-0.486920183937669,0.768761246388778,1,1.11003436952547,1,6.18922598772709,1,-3.2,0.802218817607109,0.631815031729739,0.9,0.92,2.50178515912134,-0.193000038720514,0.517617889316451,0.9,4.94111932928293
"295",1.08160672807032,0.302116509102638,0,0.262248577979463,0,0.205835037183191,0.281964794355925,1,0.413907658692337,1,3.64233029815148,1,0.207718468157178,0.281970199652871,1,0.445871868138346,1,3.64226789322188,1,-5,0.976829326740437,0.526701213447899,0.9,0.92,1.91182437886325,1.76359009568404,1.0260143124644,0.6,2.5714323500572
"359",0.780013778902331,0.274840931009688,0,0.303181962398989,0,-0.0797570735356232,0.38790742603058,1,0.40053563095829,1,6.49901205604008,1,0.0260176221092285,0.360788127847196,1,0.413762911484489,1,6.24198014564758,1,-3.8,1.10323356238866,0.730533509178302,1,1,2.74077548507758,2.68504379907205,2.00035509485152,0.8,6.18282307499976
"78",0.946925149659173,0.230170200425962,0,0.184759188998854,0,-0.160557805105408,0.608919635984671,1,1.13635167046183,1,5.30910682632134,1,0.114372829579314,0.494135310977543,1,0.60217245723973,1,4.36937184538707,1,-2.8,0.911068944290012,0.491058168150834,0.8,0.9,2.00943249121022,2.78069944216256,0.907817497707485,0.8,2.9266499929124
"486",1.31615930215894,0.32701216167751,0,0.36155702299971,0,-1.93685990071245,1.47999478008559,1,0.961551739624642,0,7.11693568661831,0.8,-1.19300583426913,1.17550398882781,1,1.00575828188394,1,6.2173402569918,0.9,-3.6,0.909349625602637,0.371493029958507,0.8,0.76,1.36523217275811,1.64382594125408,1.00699497174536,0.7,3.10654371818693
"172",0.423000327101115,0.271179403617786,1,0.277936679963629,1,-0.500415740874963,0.450108531263706,1,0.68614453968636,1,6.60722326233591,1,-0.488478418679318,0.42286278159187,1,0.555295358179594,1,5.64788091665513,1,-2.6,0.0293799070613034,0.429770465209243,1,0.94,1.69772271139085,0.683196700364527,0.27558894643778,1,3.58851480253499
"401",1.29340528749406,0.164949306004468,0,0.186710041317752,0,0.692383823872609,0.290216811543958,0,0.636710169230868,1,5.20284927387855,1,0.771276185164408,0.281597226571644,0,0.474712850068003,1,4.90467283607584,1,-3,1.1297695465382,0.415757508933296,0.9,0.88,1.55200466668788,1.5895347118149,1.0894091473808,0.8,2.97665224182375
"25",1.12011101367642,0.234725128089277,0,0.230184495302101,0,0.203161657557413,0.394539789530852,1,0.319812912093646,1,4.60982073976786,1,0.212453277160031,0.391982736175745,1,0.351542911212274,1,4.58890185115739,1,-4.2,0.912925981646776,0.435233235459316,0.8,0.86,1.62856161737747,1.60189119148513,0.93217228196268,0.8,2.91620084798724
"13",0.61518856037423,0.173136867304821,0,0.173018173410544,0,0.178163016431959,0.241688013713403,1,0.331892378779168,1,4.36638621571102,0.9,0.238161450199896,0.237066716746565,1,0.3159893519107,1,3.9981102890382,0.9,-2.6,0.503006353716229,0.463283691945009,1,0.9,2.03201485888955,0.549513397503892,0.647552165631756,0.9,3.56293804286976
"410",0.899436859669985,0.233590187805907,0,0.230993274168009,0,0.0877229523484768,0.326082490271087,1,0.43866044007871,1,4.60717984559891,1,0.188957008506136,0.312247562458354,1,0.461418638050857,1,4.46179587935814,1,-3,0.758491584692567,0.575851645971377,1,0.98,2.24143687891829,0.768660143765617,0.666986309047626,1,3.18245096324078
"225",1.02122787321146,0.230849790356253,0,0.192660909318845,0,0.142656014243156,0.292261231688681,1,0.567333022724727,1,4.92676210217161,1,0.144166170641403,0.291933183502325,1,0.500079042269045,1,4.92326821727192,1,-5,0.948574115578806,0.212226209097049,0.7,0.66,0.950455828527815,0.989467739484513,0.659836590845052,1,3.40112098445951
"208",1.19670314939372,0.277022102795048,0,0.266832352003841,0,0.638970062629046,0.3405090835644,1,0.388429353775643,1,3.28969359293797,0.8,0.849627686972217,0.348843054013999,0,0.347070859499349,0,3.09114775359791,0.8,-2.8,1.04053621492293,0.490269898735353,0.9,0.72,2.08999370550932,1.04015663537304,1.02335369611068,0.6,2.44113716292884
"83",0.918950524440427,0.212559523830212,0,0.201381103209906,0,-0.303766439118116,0.317595860782694,1,0.427918496868564,1,4.28997568497213,0.9,-0.299809230388065,0.316784257803701,1,0.468749495236451,1,4.29042180492222,0.9,-5,0.722896941099247,0.510333886475774,0.7,0.8,1.90852754261894,1.10043433588847,0.738536382532895,0.8,2.17790942314943
"24",0.405468024633729,0.238965167950275,1,0.202602903119176,0,-1.19457365891704,0.679191258895307,1,0.753438350007543,1,6.17882695929993,1,-0.91204509504766,0.599469781097119,1,0.484570877187745,1,5.52431615586642,1,-3,0.499473825527261,0.48055748058124,1,0.96,1.85120429759969,0.518048406028359,0.518912621045676,1,2.86080982937117
"369",0.933575821096971,0.196544198286569,0,0.284051290612811,0,0.392076129041005,0.266400898713493,1,0.458142003313737,1,4.11834174462982,1,0.497138258653464,0.246231747576393,0,0.698859672932475,1,3.89738868083196,1,-3.4,0.718720156878272,0.321632250970085,0.9,0.82,1.32116256071254,0.817924139837424,0.809526822874756,0.9,2.84219935141602
"194",1.15249323811375,0.159668842964917,0,0.179382602365889,0,0.700527482649116,0.25285128878524,0,0.343214815299548,0,3.78342091790737,0.9,0.837672652460927,0.237943153032696,0,0.325101666007272,0,3.41038401757338,0.9,-2.4,0.946562441260792,0.470299533889286,0.7,0.76,1.89488226418586,0.927087338566362,0.84177755367294,0.6,2.4460295069544
"92",0.966542853778613,0.217741293228191,0,0.245594158106502,0,0.126855287787351,0.273961682524607,1,0.514819537392294,1,4.05891031803834,1,0.128189919828972,0.273815644712354,1,0.448832300127935,1,4.05395285580729,1,-5,0.82282179031701,0.554368291527068,0.8,0.9,2.21688402750761,1.47797448700389,0.88272950783675,0.8,2.65545741910475
"334",1.5379422934636,0.30295055243145,0,0.419684060086734,0,-0.647228301738382,1.00253560954925,1,0.954048528807225,1,6.93667182356136,1,-0.613550762995238,0.989043952395317,1,0.755669851553944,1,6.86565874365595,1,-4.6,1.04031589596236,0.982417907315911,1,1,3.75929204358943,1.88785621119292,1.04374787933758,0.8,3.32240033288431
"449",1.11103717807948,0.277668534823018,0,0.252046309451816,0,0.18748651765853,0.323696088655925,1,0.539117137207917,1,4.77300007616438,1,0.443631645330639,0.354712237798872,1,0.479144052568181,1,3.89844014255157,1,-3,0.799655466723149,0.442508318696921,0.9,0.82,1.87353012168988,0.733426611461566,0.536196010346305,1,2.87576291475603
"312",1.04783378297872,0.210967621067515,0,0.238593571111388,0,0.497863535227205,0.37602998686385,1,0.478188052337763,1,4.8511946643741,0.9,0.627081855121848,0.342248775760735,1,0.45438840952686,1,4.30935526826738,0.9,-3,0.908547582366883,0.595615547569521,1,0.9,2.23629857562648,1.77641604387072,0.848963903352085,0.9,2.74009232752232
"499",0.793128910649351,0.211112125579691,0,0.240741448058222,0,0.324978556207244,0.350060468267232,1,0.357791124823159,1,4.29505292649076,1,0.321764166156613,0.347283172823828,1,0.363233157749795,1,4.262271032446,1,-3.8,0.840822515570947,0.542070434419682,0.8,0.8,2.28885853193676,0.793459257293507,0.828287835616099,0.9,3.13359977335194
"131",0.813145044228258,0.239429302323834,0,0.231403230285638,0,-0.420237922794658,0.356325187108402,1,0.804027969923767,1,4.81580743744682,1,-0.369785938273298,0.342510659817976,1,0.620650139860267,1,4.72662305943476,1,-3.4,0.626596606041,0.885347531432396,0.8,0.96,2.73167897411951,3.02871805385254,0.716211370906238,1,3.10884949987342
"339",0.958045009795434,0.196827921978241,0,0.195284109566135,0,0.330274036979129,0.322195732627021,1,0.510277854960895,1,4.96022206989148,1,0.330985740705497,0.32200041766999,1,0.46160981118359,1,4.96144462126337,1,-5,0.864611804887904,0.576546646480904,1,0.96,2.26044973042266,2.10745131633207,0.830952192774893,1,3.68253447850912
"69",0.70219529562431,0.255483003330162,0,0.285104480737593,0,0.164670093356435,0.296964784086224,1,0.39908224030422,1,3.99424785553111,1,0.164872783273951,0.29687727446987,1,0.41348256381635,1,3.99317567082434,1,-5,0.68887289789339,0.55199206591886,0.8,0.9,1.96954666057935,0.669703465929931,0.673561858688601,0.9,2.67021835604759
"67",0.649748069830693,0.219879616841565,0,0.225962143475366,0,0.293710171379741,0.268392282514429,1,0.414687733254984,1,4.43474798927608,1,0.298986607778641,0.264472886088157,1,0.461055209722687,1,4.37337834959117,1,-3.6,0.628762867544073,0.477669014024785,1,0.98,1.86040586313839,-0.260409534081937,0.511039889325405,1,3.49346244150288
"111",1.46770305977547,0.212949817290248,0,0.200126550779505,0,-0.0032229687885108,0.473191223987474,1,0.675285965011169,1,4.94319401522345,0.9,0.00264995870051754,0.470988926654423,1,0.763278477054507,1,4.93394434360884,0.9,-5,0.943645094280197,0.500258525289766,0.7,0.76,1.8888506358862,0.881347978762564,0.832336536958323,0.9,3.27659145279342
"50",1.29532992783994,0.203086862731204,0,0.232542590982924,0,0.438796518546428,0.388071382312792,1,0.512757243232948,1,5.89771639057312,1,0.614168506417285,0.34770267133881,1,0.468391604390913,1,5.51664942840266,1,-2.8,1.19195949853204,0.494839285153685,1,1,1.80985323990991,2.43705000032156,1.20499658384729,0.7,3.26255227991867
"325",1.01894383560978,0.242575710339046,0,0.245944025995656,0,0.605977408053524,0.312851760972733,1,0.381666590596422,1,3.15231016592219,0.9,0.654554921149447,0.31097869905326,0,0.414457398410663,1,3.06765125234388,0.9,-3.4,1.09854062924648,0.679287419388772,1,0.94,2.87918437403689,1.583408329948,1.05520643900722,0.7,2.36520873458312
"216",1.14244322748996,0.27463981826737,0,0.290784634314637,0,-0.666847614975751,0.790553624135891,1,1.61283483048774,1,6.93557507481051,1,-0.525538850940527,0.750387372076257,1,1.21083447915349,1,6.63337207995376,1,-4,0.642386559713015,0.431636046610591,0.9,0.84,1.71379760170991,1.90492730480193,1.28483161334642,0.9,4.25044843716446
"472",0.976839573237576,0.203409366157043,0,0.23683716794448,0,0.481786363022954,0.200988164779473,0,0.468022264264221,1,3.57647056990609,1,0.531080429035822,0.196302150935468,0,0.471961227718641,1,3.44364074345542,1,-3.2,0.825869708425616,0.452457430879543,0.9,0.9,1.70303559288768,1.36436863543657,0.854592805789715,1,2.63240956197573
"506",0.872945576671906,0.271355864982714,0,0.296448024325596,0,-0.0435071529120146,0.300985553247738,1,0.814962303654429,1,4.94042277668281,1,-0.0233068683861721,0.299162526206825,1,0.816853463115282,1,4.86702711831806,1,-3.8,0.722942452254091,0.345420477687948,1,0.8,1.32697633383161,0.736793246475351,0.540782389575575,0.9,3.52027423061087
"76",1.23342558588173,0.195194818057934,0,0.188596668236632,0,0.443474982723516,0.41499143089586,1,0.914248663555293,1,4.69809626174874,1,0.561828104445512,0.373160994934448,1,0.755361259956843,1,4.26530353895494,1,-3,0.952943070507392,0.471411328514201,0.8,0.82,1.79770148994828,1.64549680296786,0.983791103282073,0.9,3.17586410352867
"353",1.15847070579073,0.294952903701924,0,0.36199984202917,0,-0.0507977173019643,0.592712324615715,1,0.730976537951311,1,5.06850342993268,1,-0.0451757150295133,0.591688844879387,1,0.787734036116761,1,5.06268198845578,1,-5,1.00168056825028,0.650717870135576,0.9,0.98,2.37312755293743,1.01897099328393,0.792006089126338,0.8,3.25834060037335
"144",1.22380880923883,0.278087957878082,0,0.240363580354329,0,0.255413399042763,0.384998609149006,1,0.590348403469538,1,5.45479922760891,1,0.691519600335541,0.336660719522612,0,0.477509844902988,1,5.25542267386091,1,-2.6,1.09516385082947,0.509498454148499,1,0.94,2.06211693513648,0.974281618058363,0.938851811170156,0.9,3.51384929414464
"27",1.08547350604641,0.22960138228626,0,0.196369036807153,0,0.0595288579147568,0.469290177506716,1,0.513375063206725,1,4.78424832449707,1,0.191089674022359,0.421670838173751,1,0.510379603617171,1,4.60947061227373,1,-3.4,0.877088628393761,0.543654594974674,0.9,0.94,2.0015884265217,0.796896857021325,0.634557469395263,0.8,2.80636390838778
"274",0.87783724518307,0.177887012027713,0,0.268715327174119,0,-0.0912144459022399,0.478803334496652,1,0.484776721124042,1,7.69541923215956,1,0.0387957541708763,0.41803718263996,1,0.436076864426344,1,6.7796920651745,1,-3,0.802766282929599,0.546094324822424,1,0.94,2.09843974915509,0.482106382230407,0.886789612471092,1,3.44018552061296
"9",0.786667744896594,0.431813963952211,1,0.377500358956424,0,-0.225232372431833,0.678784010898037,1,0.687686066756087,1,8.1675622381998,0.8,-0.148444181431762,0.637631085108309,1,0.70824164606616,1,7.4158257581813,0.8,-3.4,0.877689044811332,0.454724239346643,1,0.9,1.96519391356868,3.19975966644877,1.13479343148563,0.7,3.27396507069695
"458",0.421915964167217,0.211639328207874,0,0.193514719083333,0,-1.09937110846304,0.571495278844307,1,0.481911894884319,0,7.56189274626854,1,-1.09420262649196,0.56986206541793,1,0.571716906775129,1,7.54217904026677,1,-5,0.482437244063379,0.561445172385107,1,1,1.87485240207703,1.77748213428386,0.995526422481186,1,4.37687102176626
"41",1.18339062226485,0.20486175209576,0,0.222832862101606,0,0.44727725973309,0.253601168183923,1,0.303816319561167,1,5.21592747597445,1,0.449416746134126,0.253400415816886,1,0.271223775281044,1,5.20759517470413,1,-5,0.886031357945482,0.552218127801847,0.9,0.9,2.3161806487689,0.884513040958883,-0.191524262700279,0.9,6.2488813536795
"17",1.17404581848501,0.169910263409129,0,0.201994971729718,0,-0.10277078454209,0.484696807608815,1,0.41824448219918,1,3.08062429889729,0.8,-0.0961154249449465,0.483026381559978,1,0.490835544322139,1,3.07760926849553,0.8,-5,0.991619686885524,0.493577470675516,0.8,0.84,2.05738781368791,1.28114117967873,1.22255113596595,0.4,2.71223042700294
"14",1.5628772847635,0.191035405374366,0,0.296257166262693,0,0.6524249612963,0.342364602126554,1,1.0032979200704,1,4.53519254593575,1,1.48852838590037,0.371840927010966,0,0.740470779356076,0,3.46295741301587,0.7,-2.4,1.30582699485766,0.867046665628908,1,0.98,3.2368409922789,1.80105471294353,1.37879118009023,0.6,2.61648041628365
"147",0.925887050850124,0.201019216681046,0,0.209650337433693,0,0.193725365435307,0.312872508081147,1,0.382944643567542,1,3.55881487508415,1,0.435766744520146,0.30685142865778,1,0.335729896783114,1,3.32584319491693,1,-2.6,0.89503398127633,0.619719069988006,1,0.96,2.5079352306325,0.890513855560786,0.876789156023456,1,3.19020078119388
"68",1.3231739497205,0.257151002981764,0,0.372618781163049,0,0.139092061346496,0.365776308810839,1,0.837168414280597,1,4.89536408581588,1,0.141471706766616,0.365187995823298,1,0.784798082630787,1,4.8905713384662,1,-5,1.11925128471503,0.720508221330037,1,0.98,2.99876208788963,2.22477450975116,1.15285877868119,0.7,2.81787721538406
"496",1.26842304851988,0.26541502386756,0,0.346537139628545,0,0.377480138308794,0.332546467569402,1,0.693012485534524,1,5.99829720142975,1,0.592753764921147,0.290390173854111,0,0.689463987470038,1,5.49994943044722,1,-2.8,0.96133917197489,0.638659873558654,0.9,0.96,2.49054600819123,0.969158228925335,0.93691333092969,0.9,3.63120778802371
"21",0.838377855675573,0.248829470582701,0,0.227947668261854,0,-0.0665227464332134,0.370991427103327,1,0.471004551389586,1,4.70874415142522,1,0.146206114497205,0.320873122437647,1,0.399501750446843,1,4.41596397129433,1,-3,0.73591939769125,0.275037293726071,0.8,0.72,1.03273311699588,1.36520663263761,0.737157416962209,1,2.45410284219411
"221",1.49877536308273,0.236155341523088,0,0.251708403612464,0,-1.37097629886063,1.06599663178172,1,0.664434363731416,0,8.32553170870294,0.9,-1.32791841392266,1.05762958276585,1,0.712164692743756,1,8.27132521774166,1,-4.6,1.302858217155,0.585994019179516,1,1,2.08456455759266,1.31402513098451,1.27675437974794,0.9,3.43372271509443
"108",1.09784279130399,0.14585354524231,0,0.169197686558848,0,0.278869322220987,0.442638592582421,1,0.289568472454226,1,4.53160755096353,1,0.300636988732025,0.436968553118607,1,0.303042418139984,1,4.46461326005674,1,-3.8,0.76129985104033,0.375529559372632,0.9,0.9,1.41690659457625,1.13166646770114,0.765902601901244,0.9,3.33678237911929
"451",0.849505568133322,0.298976232705686,0,0.312819273335511,0,-1.15761406136608,0.677739083357211,1,1.17251614185647,1,7.48773607676078,0.9,-1.14292703669222,0.674728312300679,1,1.11315369740933,1,7.45107526755517,0.9,-4.6,0.827950880669246,0.55900915985718,1,0.96,2.11414963608572,2.61643423426148,0.920952874039633,0.8,3.41900327281292
"113",0.757110840598263,0.181602209107984,0,0.17224105323295,0,0.331471759598323,0.197529655103508,1,0.415711846417866,1,2.657782909528,0.8,0.335137400685051,0.196994832634995,1,0.395358320218323,1,2.65272018184553,0.8,-4.4,0.676831730518399,0.418709900705227,0.7,0.76,1.64115768998771,0.680059483612982,0.679336646986002,0.5,2.16368449593533
"304",0.999965982939233,0.268898912672172,0,0.318491792616525,0,-0.525796447373201,0.569072125218576,1,1.08556915413513,1,5.87139684031244,1,-0.362264106215549,0.527088328586548,1,0.835626024365598,1,5.47648534505763,1,-3.2,0.521592304683603,0.516552607566426,0.9,0.84,1.88095985962197,0.616510691347495,0.602008766687535,0.9,3.64886992055282
"201",1.27471925765583,0.291250262689707,0,0.248782807235118,0,0.269594767932891,0.464728686475261,1,0.807492065791096,1,5.3834859697924,1,0.442579316032583,0.398682259845018,1,0.807617326935589,1,4.94017185283673,1,-3,0.878004318157965,0.557652645367079,1,0.98,2.15858720401082,1.63101767972011,0.818634664552551,0.9,3.16340896894683
"400",0.792374855290145,0.2684754934516,0,0.259388171601493,0,0.209587519193321,0.345812880426539,1,0.471797659246244,1,4.0188821129494,1,0.210245637684968,0.34564312479737,1,0.404087304637079,1,4.01720301970847,1,-5,0.806793429126688,0.436432591236741,0.8,0.82,1.79606959402081,0.8077588127977,0.805291779780128,0.9,2.74458548589338
"79",1.4436030730489,0.314997311836588,0,0.275627060073923,0,0.109451240653287,0.555902931642761,1,0.547801235623321,1,5.42283716131106,1,0.113755409222389,0.555307813137974,1,0.523640237974446,1,5.4169555120237,1,-5,1.30325430673983,0.531399884726162,1,0.9,2.0602070737805,-0.189606592841534,0.902215196602036,0.9,3.09798158610018
"360",0.828182710749208,0.249781544018641,0,0.230620129702286,0,-0.00540753235904168,0.394971402867165,1,0.4695812163111,1,4.89103582363021,1,-0.00359345656300203,0.394857485023279,1,0.47998787826618,1,4.8901619352615,1,-5,0.911196855007329,0.543162518015389,0.9,0.92,2.26347971261741,0.801653597100121,0.799132734771677,0.6,2.66916357252414
"322",1.11732251414946,0.285948661275149,0,0.236392404487733,0,-0.332267512543837,0.480149031842919,1,0.484240647859969,1,5.69676927570505,1,-0.0805743970380406,0.45758348434867,1,0.43066510091075,1,5.20909711025495,1,-3.2,0.955551611504781,0.362483010815784,1,0.8,1.403733425235,0.909299075106705,0.879939141937647,0.9,3.00564249366492
"441",0.703534039762824,0.196769270466919,0,0.231898341441588,0,0.219602093577198,0.24524453895632,1,0.571930210094825,1,4.09569569296741,1,0.241411155075279,0.243276344141068,1,0.532210425403051,1,4.06737933102402,1,-3.4,0.577983652433567,0.529921686590852,1,0.92,2.09836662180353,1.29261428750868,0.615998538147723,0.9,3.45980075775805
"311",0.623849447291129,0.204557287501928,0,0.206668702666584,0,-0.120723721968426,0.329803965548882,1,0.371094668345804,1,4.26991937653476,0.9,-0.0713976092465654,0.31811769352066,1,0.369543457791945,1,4.1379047514369,0.9,-3,0.567323752846757,0.587680226338247,1,0.98,2.0843733252541,0.56693836380151,0.522310624803689,1,3.35551230124094
"240",1.01859894272728,0.31691659049736,0,0.323213141977161,0,-0.840720962666081,0.722496273534762,1,0.684977618157147,1,5.57252059201739,0.9,-0.829622255863813,0.718803880181101,1,0.640610502595731,1,5.54988649798893,0.9,-5,0.765052402519027,0.508675478040857,0.8,0.84,1.84158125496168,1.42294896011894,0.796274668623849,1,3.19031865040736
"335",0.991777788173192,0.146987946564926,0,0.189085001610965,0,0.216693317598561,0.369871646823318,1,0.366724258564112,1,4.72509776270687,1,0.339891556003057,0.345175335305653,1,0.281501292378681,1,4.40717787436625,1,-2.8,0.852064624390015,0.472378342085398,0.9,0.94,1.87460281622409,0.838740850633488,0.836778344003283,0.9,3.43073273732904
"305",0.97282632615777,0.252821597223747,0,0.301959936337032,0,0.554893336364475,0.662587503623291,1,0.770930677764756,1,4.86464609322599,1,1.12499987561877,0.564082277209818,0,0.702487325878148,1,4.87035524775718,1,-2.4,0.885260608093981,0.860067309433664,0.9,0.96,3.26560698102208,0.856490911024315,0.855995080488038,0.8,3.33184878502164
"336",1.10302370027679,0.185511340006214,0,0.193914115881133,0,-0.496214958188296,0.74523997413867,1,0.996756353128185,1,5.73949131276954,1,-0.489600865088053,0.743378449512192,1,1.15841985084963,1,5.72679074961182,1,-5,0.973697526720797,0.788043203069098,1,0.96,2.8131510338745,0.994455578554546,0.780695107238533,0.9,3.18806299990332
"398",1.04761383481592,0.25172479406285,0,0.35991377654262,0,-2.9372557201275,3.00931979073418,1,1.02620003950356,0,14.3734331223901,0.8,-0.472289484765848,2.24121355890055,1,0.825853721843572,1,8.85237177004311,0.9,-3.6,0.689413661086152,0.389853089021349,0.9,0.88,1.65667490843101,2.08556520846706,0.814406428523327,0.9,3.78594432772257
"242",0.824667391306162,0.196691965226389,0,0.223931101122879,0,0.465247540739496,0.247476200513485,1,0.329332947616856,1,3.3286046798112,1,0.468242873409833,0.246573159154079,1,0.288813995114634,1,3.3296054644804,1,-3.8,0.871907928083744,0.460818967579694,1,0.92,1.7601390395372,1.06285297986314,0.87783509343485,0.8,2.74351084852855
"148",0.724731069458662,0.172438594953682,0,0.186216368809544,0,0.245177967072836,0.231492898087822,1,0.360311340713992,1,4.78959951190223,1,0.413277709662653,0.232819763900003,1,0.361281498438296,1,4.17792469412107,0.9,-2.6,0.726774625494254,0.39198470353448,0.9,0.82,1.5694944249412,0.228909167176787,0.748306957713276,0.8,3.38437067921675
"4",0.820644784580817,0.166136786380364,0,0.209518113767403,0,0.401241185246507,0.182768302521067,0,0.370168105898165,1,2.86456968486642,0.9,0.402227260770263,0.182686664717841,0,0.333580604570337,1,2.86289786387663,0.9,-5,0.776214769859197,0.383350553756328,0.8,0.8,1.33748500541726,1.48071170361412,0.780646098925206,0.8,2.3988081442739
"419",1.35245596823358,0.294670880948703,0,0.251371119507749,0,-1.25090854195566,2.66336644547066,1,1.25580909086804,1,14.4465238177062,1,-0.922280266746806,2.41287333101527,1,1.27407219876426,1,12.8237865135984,1,-4,0.948180357912215,0.453693971056844,0.9,0.86,1.74038476159295,1.44957963989335,0.953186910143637,1,3.88715310396506
"328",1.11561356179953,0.159547320221242,0,0.188599394000046,0,0.316604962321308,0.354040501712879,1,0.364982588168758,1,5.28279766548339,1,0.342463474080899,0.346832220589916,1,0.333248270709644,1,5.21393719743756,1,-3.6,0.999769048219243,0.398482440932487,0.9,0.84,1.61908210055667,2.32250975933149,1.06966894271709,0.9,3.07131644902959
"343",1.19900756973387,0.268626340542882,0,0.265594984491875,0,-0.167449869311235,0.59014824546068,1,0.820264176174366,1,6.85361721424396,1,0.215490405628228,0.546462524125375,1,0.794449251389808,1,5.79966600947676,1,-3.2,0.802676235363662,0.560645669904492,0.9,0.84,2.21248909884365,0.792074203017392,0.667826159680082,0.9,2.83618580382336
"102",1.12718911866834,0.285329015444748,0,0.315056641341905,0,-0.132107694829973,0.489942583268526,1,0.980673346582831,1,4.0362355286332,1,-0.12910743333824,0.489564499305101,1,0.963778183510714,1,4.03397190996243,1,-5,0.819133559728598,0.34019042428887,0.7,0.64,1.24157640295652,1.03926105851856,1.01229404915314,0.7,3.19325803068628
"406",0.862388553268177,0.170235280473977,0,0.145191997899045,0,0.176838598008055,0.334693388521235,1,0.479010849964815,1,4.02335604336167,0.9,0.178828427397073,0.334199524149065,1,0.423249121392639,1,4.01961412900685,0.9,-5,0.912116800693,0.509316044112759,0.9,0.88,2.29953498755832,0.903330753564987,0.895814474902062,0.8,3.37862911178865
"11",0.752733918554597,0.276764005985158,0,0.322531175982076,0,-0.0605370395993354,0.337787787623764,1,0.488530642976881,1,3.98186771885956,1,-0.00540160730204775,0.331885401904042,1,0.480863018441498,1,3.91724014126337,1,-3.4,0.677864859857549,0.390962730996998,0.9,0.8,1.47020773204408,0.675015661318267,-0.531709542404649,1,6.13793170912394
"373",1.16642253852574,0.176652721692439,0,0.190644924009252,0,0.618675274468159,0.26035782120922,0,0.498151467429347,1,3.19900056094568,1,0.771992499897577,0.237910418940864,0,0.502065255261967,1,2.96477935180662,1,-3,1.01618005340855,0.533512947884598,0.6,0.74,2.15923080304244,1.63399978108291,1.14745455211555,0.5,2.40993925925047
"402",0.938474064635439,0.159118989587223,0,0.149519848428571,0,0.341266395573092,0.264632206992651,1,0.444944794544321,1,3.86607926151361,1,0.341800596629005,0.264556164697338,1,0.486494882752026,1,3.86565159418485,1,-5,0.998845557229203,0.646169506458147,0.9,0.94,2.46542528947243,1.97427298477542,1.02265374181656,0.8,3.19126395725305
"114",0.820962909119157,0.172900302529713,0,0.220049939444425,0,0.0344667904491418,0.323452196370494,1,0.371550297839573,1,4.31139326100157,1,0.172166880588228,0.303134058530381,1,0.341997501883351,1,4.12967457919794,1,-2.6,0.657444502515124,0.542576678931713,1,0.96,2.11594962632623,2.85571171416836,0.860273964672604,0.9,3.16289763461055
"107",0.795059164772828,0.269389789799737,0,0.331123974330973,0,-0.464478281621977,0.455987982850106,1,0.984420247082348,1,4.76524488980934,1,-0.462189696210141,0.45565328094534,1,1.00757366242182,1,4.76264740910485,1,-5,0.463350465857497,0.512531097590495,0.9,0.96,2.01000595816249,1.62680605664464,0.472736499652284,1,4.27237337879507
"341",0.689512771538593,0.199032889412857,0,0.195564578242264,0,-0.277323192323044,0.510665233671695,1,0.382777312873502,1,5.54007610136553,0.8,-0.274425007814345,0.510205812501492,1,0.415581429670751,1,5.5295328498407,0.8,-5,0.69129092540874,0.561236207129997,0.8,0.82,2.01207098193541,0.746670929656747,0.742297918946935,1,4.07605221203359
"140",1.10543303855932,0.19032738832632,0,0.228657837550281,0,0.475522466495267,0.338678474440802,1,0.514704115533405,1,5.92499565356197,1,0.489214176310729,0.334983333419013,1,0.51972216275988,1,5.83360351137471,1,-3.8,0.927273957278115,0.475188677071513,0.8,0.88,1.85516186769521,0.949321227628247,0.933087908010901,0.5,2.75994887422369
"252",0.695345129505119,0.185177329282493,0,0.221592227016579,0,-0.123979706680936,0.287247452012902,1,0.299995179591277,1,4.70986969899437,1,0.15482435072439,0.262535484655526,1,0.303780902662992,1,4.03311246412235,1,-2.6,0.502316783763627,0.452318438957148,0.8,0.9,1.92877279437664,0.495531815516884,0.458969434083057,1,2.74039335394765
"287",0.817354234585553,0.190637706349993,0,0.1639051069172,0,0.202899936107317,0.288037580167674,1,0.314501516699872,1,2.69427138200265,0.9,0.457143362392582,0.277102660799556,1,0.260967058725228,1,2.63119353589156,1,-2.6,0.590102824840594,0.480780556329469,1,0.96,1.85112480673877,0.562252368989573,0.34595791449154,1,2.36579762066026
"385",0.695314119774867,0.245494556187006,0,0.257313923983684,0,-0.312814031843298,0.431821783727485,1,0.558108723959481,1,4.2253566886124,1,-0.310690568190391,0.431637555151868,1,0.631527293474647,1,4.22535569972041,1,-5,0.615686414978716,0.469699748316626,0.9,0.98,1.88757306617703,0.61528195316989,0.608569378694835,0.7,2.79154112742099
"354",0.839958697932837,0.150334279173619,0,0.157774283922585,0,0.694412664796507,0.19574662226274,0,0.259242771228555,0,3.16661886576818,0.9,0.70611933672633,0.194457699793491,0,0.246515696435839,0,3.12159078790821,0.9,-3.6,0.911054500209226,0.410528753843599,1,0.96,1.60093894430239,0.958163534171315,0.92979322583555,0.8,2.46210286496903
"154",0.7553990940942,0.246950348120108,0,0.207252955885474,0,-1.42653374954171,0.744445782695944,1,0.604825802347137,0,5.80302742251538,1,-1.25882640326119,0.711387987292265,1,0.522279554575128,0,5.57516745259207,1,-3.8,0.506123271476086,0.366584661949463,0.9,0.92,1.29421906493082,0.51134737074007,0.319461395871179,0.9,3.02013862319462
"32",1.31357389789694,0.344938472758718,0,0.366414461742722,0,0.712737100756244,0.371295400061912,1,0.406168483017273,1,3.96906377485085,1,0.860432835802613,0.379547475686697,0,0.36946638953023,0,3.49724584411766,0.8,-2.8,1.2354148155619,0.478713896943936,0.8,0.8,2.0129921911374,2.01218094905442,1.42541485925827,0.3,2.15218951403487
"432",1.07330245002176,0.165599404203655,0,0.171396818493371,0,0.587283268928411,0.292698945592585,0,0.342921411028738,1,3.67429882688547,1,0.774783579253378,0.264066538453239,0,0.340784611072972,0,2.88084011097288,0.9,-3,0.999229188205219,0.426472866910853,0.9,0.88,1.79665197319363,0.92871889520072,0.348171759506515,0.9,3.23841691903018
"502",0.963234731197226,0.245083483451821,0,0.28308298748335,0,0.00898328681475347,0.368251226532584,1,0.58771732903099,1,4.00050977547542,1,0.0111179091134477,0.368083253360807,1,0.635446062405945,1,3.99370253946738,1,-5,0.931533211894319,0.467545840085019,1,0.88,1.84787530815451,1.53496273113852,0.944279055003154,0.6,2.80332992911836
"157",0.677154491453892,0.196823788836698,0,0.226776226737079,0,-0.137362803670387,0.430930820836771,1,0.600300616602441,1,4.29709294901532,1,0.221583015974542,0.33717903554594,1,0.475834084798946,1,3.76986328856296,1,-2.8,0.784528270268345,0.743466988495426,0.9,0.92,2.90404669317419,0.735174958774747,0.706349798585666,0.9,3.44619128216997
"199",0.896048413962192,0.234077700614804,0,0.254471289974031,0,-0.670322683738214,0.716211995098961,1,0.811377172409806,1,5.75924166583383,0.9,-0.485399190166668,0.676952884905712,1,0.769036393372315,1,5.55199538150803,0.9,-3.4,0.81904315673699,0.462358275021336,0.7,0.86,1.82584672308752,0.796349152798561,0.794750718187828,0.9,3.58218188130865
"138",0.88105828346463,0.238796642620462,0,0.243418605535034,0,-1.29600073473295,0.96712151891196,1,0.995380229289714,1,10.2177908327238,1,-0.742690111287704,0.776729502785012,1,0.712126255446898,1,8.74796639682753,1,-3,0.627335698472938,0.417187541537824,0.9,0.96,1.72459351558136,2.26834585430479,0.679990648041375,1,4.79652708768399
"423",0.453676423544522,0.317744967573917,1,0.362038236444312,1,-0.618317154792956,0.409793153005128,1,0.589195526444706,1,7.68166115576957,1,-0.562749363190281,0.397493337841234,1,0.534567621857263,1,7.47269504629051,1,-3.2,0.275296075812403,0.408435450042018,0.8,0.88,1.51982247132887,0.280318573710574,0.279914670425775,1,3.54140236878706
"56",1.04412457189467,0.407636548071942,0,0.386509605868748,0,-0.543365877028108,1.13190218279662,1,1.59808146310203,1,12.006659786216,1,-0.39953935030623,0.990085352200397,1,1.71128811680343,1,11.0786939946402,1,-3.6,0.784270077210908,0.64766530202384,0.9,0.92,2.52808773566574,0.994655856864097,0.9911468755399,1,3.89284243499532
"259",1.11242705766852,0.29748577471389,0,0.26922407139929,0,0.70521945504338,0.339461143337963,0,0.330175934271861,0,3.71742331755372,0.9,0.705750826526003,0.339452935183215,0,0.33998584013682,0,3.71673132749344,0.9,-5,1.06129103316201,0.424554846450198,0.8,0.72,1.71934868831717,3.75690727350822,1.20808643068553,0.3,2.04524732618104
"34",0.821946200941815,0.183363330968508,0,0.171592530130669,0,0.574267413164331,0.20278681619327,0,0.273612148814705,0,2.90272070231628,0.9,0.574456704308954,0.202783729937154,0,0.260879847574179,0,2.90247014865128,0.9,-5,0.669577050469674,0.608753443885458,0.8,0.84,2.28555313037524,3.30726943661618,0.764711601739169,0.9,2.80798711863914
"489",1.04232108817407,0.215013053616603,0,0.248790323593335,0,0.453379583560194,0.306780616302724,1,0.534126573788121,1,3.70899318580698,0.9,0.456792531285608,0.305664267573232,1,0.52515322295988,1,3.69726420221975,0.9,-4.2,0.954804752242959,0.467283031412475,1,0.92,1.79668456498477,3.02364300620668,0.962878880795142,0.5,2.31805422063015
"74",0.723432150819681,0.217444331697679,0,0.226605794321983,0,0.358952569309809,0.206902100318559,1,0.244185746848522,1,3.96032684323716,1,0.360752429595149,0.205846886501816,1,0.286189710733553,1,3.9253032554099,1,-3.6,0.725147589825259,0.456381720161684,0.8,0.82,1.75692891140099,-0.151543134646482,0.653206463314296,0.9,2.81333054302194
"134",1.18321596722199,0.279181439015973,0,0.250187171222805,0,-0.657343210764268,0.529418524190577,1,0.688370065997603,1,7.20252735372709,1,-0.541355749031768,0.503854474172244,1,0.917115987122821,1,7.01321562589292,1,-3.6,0.913939901901828,0.493377702214013,0.9,0.96,1.81109241590253,2.14969547593614,0.940241252999836,1,3.50832441725603
"289",0.920747864938691,0.285959254235487,0,0.331149340451527,0,-0.403017704161661,0.528933471018204,1,0.539682967366303,1,5.16171545003201,1,0.0718076631144626,0.418941402872728,1,0.49081310326406,1,4.39105993445984,0.9,-3,0.654654850696867,0.291180777606166,0.7,0.74,1.19383562854369,1.14370855624094,0.681263541286747,0.7,2.9934843837888
"16",1.37829020104204,0.296525152652892,0,0.333457557569929,0,-0.296716413086052,0.938559489700974,1,1.02730046175825,1,8.71691065057578,1,0.0289224508082522,0.832430439053305,1,0.8559105039789,1,8.05537123967597,1,-3.2,1.22657580083625,0.494352165015886,0.7,0.9,1.67258628311061,1.16286397794072,1.16092238257803,0.8,3.18113163335243
"89",0.649254198709857,0.149748683858052,0,0.142525503436219,0,0.0374126462304858,0.280054123668431,1,0.303756684077755,1,4.42164975320818,1,0.0390559383922273,0.279520657060272,1,0.310221362928793,1,4.41839041660652,1,-5,0.62717199620342,0.413788338636901,0.9,0.88,1.54698556907176,2.11361194888749,0.724302659809059,0.9,2.99650594670008
"352",0.879231433355816,0.295876877906935,0,0.271211517066478,0,-0.444095323023709,0.538848384419777,1,0.587896915694653,1,6.13073278831652,1,-0.410444659462874,0.531133299967719,1,0.590101118371431,1,6.04500814359017,1,-3.8,0.872490033675295,0.518088362356981,1,0.94,2.22978167568783,2.37599384248583,1.01968317390981,0.6,3.18900759402567
"173",1.09506740270097,0.19989347700048,0,0.209841630505295,0,0.0859538078435778,0.425904312488985,1,0.514027477944372,1,5.46332631922056,0.8,0.295257982999344,0.353338591852115,1,0.480161277301714,1,4.96969440808766,0.8,-3.2,0.888992041953461,0.405713450516931,0.7,0.8,1.46508777023669,1.47861831019656,0.925925086308746,0.6,2.76831564890871
"141",0.536700009827273,0.219127863333454,0,0.239538047769117,0,-0.196316275324675,0.335905093709889,1,0.345910796725288,1,3.59720250178158,1,-0.159780780699996,0.326144157691333,1,0.37709958533169,1,3.50940548374431,1,-3.4,0.560105500420193,0.506609477105555,0.8,0.82,1.99260842323442,0.623412657677499,0.602382632267795,0.9,2.98016343232602
"61",0.807603423367206,0.227165972131666,0,0.219846344698747,0,-0.155968274130342,0.43729219485154,1,0.431595970810458,1,5.17838463001473,1,0.0467205314947252,0.406588594692776,1,0.427413668903713,1,4.81479187009228,1,-2.8,0.54413282796637,0.603412320996478,1,0.96,2.32797479420809,2.97668532249891,0.573087750862471,0.9,3.42739187013034
"63",0.934562855838491,0.245915821256417,0,0.209833498346182,0,-0.57439855733293,0.509647420118625,1,0.469871463659883,1,5.80514151866569,0.9,-0.420891327995315,0.474821725857584,1,0.552862678510418,1,5.51683734093609,0.9,-3.4,0.736167996519409,0.643021111759913,1,1,2.54036569148474,1.95236833817272,0.784386023183984,1,3.60258508372531
"306",0.835090472068873,0.298243535834875,0,0.33867228890459,0,-0.782879116717358,0.40513673512176,1,0.581642891582803,1,6.26715715844815,1,-0.773644919528984,0.403807257278791,1,0.59725178157495,1,6.248014094218,1,-5,0.705603905649108,0.539967781752394,1,0.96,2.17002651661869,0.836692505217058,0.749228308951405,0.9,2.91594084797606
"505",1.30234269040482,0.229115285575686,0,0.257470657371558,0,-0.415133622379512,0.530562088024075,1,0.748884380140831,1,5.06377804628447,1,-0.409156656106627,0.529203547044776,1,0.840359566429743,1,5.05511954121935,1,-5,1.17714403639218,0.538850267668837,0.7,0.82,2.10673209057778,1.17883493384546,1.1767860811966,0.6,3.2789182220708
"178",0.416962891387105,0.207494145490279,0,0.168751724952512,0,-0.303558437083629,0.389134678372562,1,0.514873767146752,1,4.05417752490884,0.9,-0.284147307179178,0.38371103921532,1,0.574415490580307,1,3.94328867629756,0.9,-4,0.4469471778531,0.635125489890172,1,1,2.80095482152298,0.444120194208324,0.447125893703071,1,2.67638561755876
"228",1.31906581285892,0.23870708764449,0,0.290757328252463,0,0.428268317858661,0.297120902977562,1,0.564680158685262,1,4.11286871781592,0.8,0.430781267486707,0.296965303731595,1,0.51530112052522,1,4.11304779486602,0.8,-5,1.21921750662688,0.424940533216961,0.8,0.82,1.79893799157957,2.55617862001915,1.19449975433243,0.6,2.72915689996213
"345",1.21589020704676,0.222563851785083,0,0.21512966810234,0,0.0376264262499708,0.39968710396736,1,0.470593996705914,1,4.34584693157078,1,0.0411464983976595,0.399175421268391,1,0.397712427467934,1,4.34416601109088,1,-5,1.06510966273801,0.424781873130058,0.7,0.72,1.69109935518348,1.09662191939295,1.06477192803665,0.7,3.19072907058608
"64",0.934383106553375,0.169283166766102,0,0.185471436849911,0,0.170700600427513,0.327339134944152,1,0.474061025173133,1,4.06043723298905,1,0.171754080279698,0.327196862434954,1,0.411396749434058,1,4.05836845135749,1,-5,0.875646139786452,0.522058825456601,1,0.98,1.99617460744325,2.12314032570126,0.922675631438612,0.7,2.94825622981343
"214",1.14619642754784,0.247218041113401,0,0.318838799666199,0,-0.106558367866092,0.391907390598364,1,0.484955470453278,1,4.70119136415328,1,-0.103890711648022,0.391599288342759,1,0.543366325773497,1,4.69712863981336,1,-5,0.841826672656624,0.534317443313718,0.8,0.88,2.24679040871474,0.940229700438477,0.929843224382804,0.9,2.93818711608614
"272",1.12516164034909,0.142687808482577,0,0.153166989935892,0,0.489146056403138,0.402369146102346,1,0.405698569889811,1,4.47676456607497,1,0.748169865534629,0.338446820940435,0,0.370460904396595,0,3.77116072645172,1,-2.8,0.984440136840858,0.368927774202054,0.9,0.82,1.7125044238869,0.981607888078999,0.966538937364945,0.8,2.8758123435764
"129",0.643375179293055,0.274204722781522,0,0.275734935656193,0,-0.09662505081908,0.454355880127076,1,0.703537658221744,1,5.24616707185858,1,-0.105899529815432,0.449867378761325,1,0.841834058492663,1,5.23100651499649,1,-3.8,0.656643708814214,0.471887738694606,1,0.94,1.91857194375823,3.46486872114696,1.19254416341848,1,4.57092828227584
"179",0.919580456134947,0.250096324953248,0,0.308065836715677,0,0.729539220617567,0.334952019150165,0,0.78165706762185,1,3.60887985232582,1,0.7535941641696,0.329269689053811,0,0.783665416412799,1,3.50147660536444,1,-3.2,0.76314005673833,0.591023489199166,1,0.94,2.70453868100572,3.06737748845284,0.871907257537435,1,3.52510629471586
"388",0.675154000002185,0.216576122590149,0,0.2114266818426,0,-0.30860932393832,0.516200253673702,1,0.46824686219571,1,6.61853088629699,1,-0.161190149967923,0.498783458503149,1,0.56650809189415,1,6.12728351987695,1,-3,0.664033524990797,0.312556743639957,0.8,0.82,1.23293194504117,0.575616446717095,0.558609361977538,1,3.93586803436844
"167",1.52515966169206,0.215468067817782,0,0.181873967076409,0,0.134355108211383,0.436070631938116,1,0.414078867655721,1,5.34366012550442,1,0.140962570025142,0.434114215378976,1,0.373113505142023,1,5.33242524464326,1,-5,1.16418808360263,0.497242278066654,0.8,0.86,2.00517459687824,1.33472373270706,1.16332446521096,0.7,3.21689940374621
"84",1.32991543082585,0.271918494445615,0,0.352765371649047,0,-0.00585929172880739,0.551871602822126,1,0.555193980889785,1,6.0825845811182,1,0.439775212795385,0.439344353456808,1,0.46862628073033,1,4.89023613567636,1,-2.8,1.01914489167847,0.418826347713225,0.8,0.9,1.6570301565526,1.0607697460456,1.04640597828669,0.8,2.86540534625861
"468",0.911001609850399,0.285385517218122,0,0.287054697195435,0,0.233573564714894,0.622580578207146,1,0.865404497847778,1,8.82995055520188,1,0.485053502219739,0.542597365744871,1,0.838297797176076,1,7.98380246439194,1,-3,0.854947610453584,0.742465417688183,1,1,2.86739291733732,0.846309725436424,0.834167486505298,0.9,3.30593110249054
"142",0.563872438573037,0.246351768880991,0,0.255402288886213,0,-0.0996177456066287,0.301226530204225,1,0.442879991557232,1,4.07880603236292,1,-0.0741491665075338,0.298393211850848,1,0.443483279635914,1,4.02477059879729,1,-3.2,0.58821188643622,0.48212946969184,0.7,0.86,1.92300990449619,1.20621877516592,0.610516233227326,1,3.85411355230342
"340",0.715044838397062,0.231693590664201,0,0.295382727441566,0,-0.623405294762037,0.739386554228199,1,0.562523507476784,1,6.51561823818312,1,0.0030578788283484,0.614520801150375,1,0.546347855266088,1,5.65170038422914,1,-2.8,0.819233760026786,0.434276117565641,1,0.94,1.76113807268929,2.4494463667578,0.953176219173236,0.9,3.65276275344681
"233",0.866999596447464,0.230736040816044,0,0.21432110487925,0,0.15311481308704,0.372115315410199,1,0.46360901049027,1,5.36940923883751,1,0.154306137371216,0.371725521363626,1,0.567663753606233,1,5.3631653429411,1,-5,0.913105881414912,0.340718929997513,0.8,0.8,1.37424841244737,2.38683524007725,1.02553194926028,0.9,2.88678922391276
"332",0.755015401412632,0.25191425623176,0,0.240162791913084,0,0.266076751227826,0.297872585550793,1,0.445658135673173,1,4.46273583860924,1,0.268582405469095,0.297322444897996,1,0.519369344114778,1,4.44204443432238,1,-4.2,0.622553848104419,0.567858523926039,1,0.9,2.38607939420105,-0.167097095959603,0.59995238189828,0.9,2.53155887269195
"209",0.954029707605657,0.20525849333617,0,0.19399688224218,0,0.233825182216118,0.2753866351646,1,0.504276547194016,1,3.75649984500997,1,0.234940455478195,0.27522544157942,1,0.578012712086003,1,3.75445182915382,1,-5,0.893407270709166,0.531822915281899,0.9,0.92,2.05337093857602,1.63690265406989,0.901957269558361,0.7,2.16516791688641
"327",1.00197682308833,0.296804100896873,0,0.332829867002928,0,0.0557564754693316,0.471313432526282,1,0.830734939188649,1,3.94719259412161,1,0.164132633104043,0.46108607661889,1,0.866062498572835,1,3.82309722489578,1,-3.2,0.725460154158008,0.998126181369392,1,1,3.92379801243565,0.698327926355573,0.678090871649316,0.9,3.28751610652072
"98",0.591990393573059,0.314791779906446,1,0.28319407252493,0,-0.290021515684184,0.349244418553982,1,0.485684258118925,1,4.5831808546449,1,-0.287990453283067,0.348947878698015,1,0.428143116358956,1,4.58050824171464,1,-5,0.630913260422278,0.585173704914165,1,0.96,2.27722822462402,0.682011653499878,0.676715526527603,0.9,2.95654544168316
"241",0.902952453235893,0.23964361562338,0,0.26044405978279,0,0.0390166990473748,0.467626431199078,1,0.58762111873983,1,4.87458141480999,1,0.277670047013824,0.401993354679097,1,0.54921690685735,1,4.26374555527444,1,-2.8,0.747953204967209,0.331483051428677,0.7,0.74,1.34837518899396,0.726252168000183,0.379078719017305,1,3.14704262136013
"231",1.17682993634907,0.181179026117438,0,0.214855269698042,0,0.582287460046381,0.406693140343237,1,0.850441102161217,1,5.68144366573431,1,0.957317330901617,0.339709738139794,0,0.661060535766939,1,4.29812681947594,0.9,-2.8,1.05226237916117,0.505348372792029,0.8,0.84,2.05052851650408,1.87255095672526,1.05296172877297,0.8,3.73607399370062
"480",0.886636781143188,0.144442801430615,0,0.157399222494778,0,0.424617894259649,0.202387038963255,0,0.344063797243176,1,2.97087134368662,1,0.501926581864768,0.192137055840027,0,0.37655841159285,1,2.81881422080409,1,-2.8,0.66271861232789,0.389763834318562,0.5,0.74,1.51834181567594,-0.198015354609089,0.614259967803519,1,2.62474936468704
"367",0.995806377130956,0.238232142049093,0,0.276152065235961,0,0.530538114019152,0.254281746396095,0,0.654238196338184,1,3.74388074524147,0.9,0.663161362823081,0.253247318078472,0,0.63109305606651,1,3.52547993233164,0.8,-3,0.987791071136552,0.608627675260811,1,0.98,2.25400080193406,2.72374724781215,0.984991813126991,0.8,3.39214040589428
"71",1.12420069729649,0.237044659526557,0,0.319437474016037,0,0.288113501246867,0.421240239584246,1,0.804898078792523,1,3.67332307981675,0.7,0.293277382775054,0.420631113531867,1,1.02768244769713,1,3.67112070354183,0.7,-5,1.16291359596046,0.465273571263139,1,0.82,1.92432266488968,1.87850763933626,1.13279113050409,0.6,3.53858626310862
"498",0.9253098544896,0.209542578356246,0,0.218639721181113,0,0.496996140102042,0.295951601606026,1,0.683934136174408,1,4.7754527064915,0.9,0.55343746114295,0.280097280062764,0,0.692943352029414,1,4.55251286102396,0.9,-2.8,0.506230102092025,0.544689998553417,0.9,0.92,2.05033060414018,1.56451191238623,0.516716547933537,0.7,3.3816709880161
"361",0.995157609357872,0.286629582083696,0,0.287910735594186,0,-0.218475310968898,0.545807853101512,1,0.594499858612505,1,6.78476716578962,1,-0.189975690875297,0.538829296138232,1,0.598511143659946,1,6.63331573250252,1,-4,0.855011826938396,0.379218565506304,0.9,0.94,1.47269538506763,2.59773490744897,0.873385745996897,1,3.99735553821018
"509",0.981664002104213,0.261416800838273,0,0.233358951041412,0,-0.215361186569109,0.375238015613424,1,0.500794641642478,1,5.36713926744929,0.8,0.116287832084951,0.333477977260493,1,0.507403038828029,1,4.87633314580214,0.9,-3,0.701209823775492,0.602407174838575,1,1,2.48119610298587,1.1435812057029,0.688167749935165,1,3.68579233070834
"412",0.449299377511584,0.223927749416613,0,0.214869108902353,0,0.038377676770303,0.258089001772027,1,0.310978785953647,1,3.33949418613227,1,0.0384157380512802,0.258044247968494,1,0.27422465242918,1,3.33863966038535,1,-5,0.414098499735351,0.503685713526095,1,0.96,2.06478598982477,-0.0474282459330397,0.37416589191359,1,3.0596790089433
"249",1.40631007746951,0.22284378107823,0,0.296690986024464,0,0.596805787617984,0.409974095832506,1,0.628088316102529,1,4.31679839070487,0.7,0.6397974478795,0.402106231681779,1,0.676407553474563,1,4.27997952892137,0.7,-3.6,1.29276413351952,0.528484065638547,0.9,0.9,2.33579097008619,1.44084707291993,1.34622239953675,0.4,2.68355699541903
"409",1.16243787239872,0.223204582965881,0,0.242925465739613,0,0.259140168401335,0.317381112329555,1,0.448050225629375,1,4.33405371054204,1,0.391849719614179,0.321522490435678,1,0.511344453824151,1,4.13000806289038,1,-3.4,1.0119524998842,0.39404107514424,0.6,0.72,1.58187924620987,0.953005585759683,0.8495279214388,0.8,2.90677332334493
"186",0.675143110093176,0.205201029300423,0,0.224274005638805,0,-0.062823126301486,0.30688217984948,1,0.294956452092213,1,4.72691585932249,1,-0.00617255439448172,0.301370120495171,1,0.287039216071299,1,4.57478613488948,1,-3.4,0.567525015459498,0.337697497841836,0.8,0.74,1.50037596601947,0.569403764835572,0.603246406285807,0.6,2.36265210639444
"128",0.719982484190122,0.211727955288438,0,0.261493775544098,0,0.373520278927225,0.264445094881527,1,0.390218447266369,1,3.80900512475813,0.9,0.374051299699083,0.26445685188321,1,0.462888899824905,1,3.80912245054247,0.9,-5,0.90318185145622,0.55986223995372,0.8,0.9,2.15472935652724,2.74364434604202,1.12417328153893,0.7,3.67423930266848
"191",1.02598004229252,0.266426305309382,0,0.248776294829008,0,0.230408496452623,0.284986629015184,1,0.569718867176674,1,4.90209375544715,1,0.365941343104147,0.258850750789752,1,0.519304459224802,1,4.39474737681315,1,-3,0.777669275297403,0.4191721319565,0.6,0.86,1.60774104801974,2.60108642577379,0.732688932033268,0.6,2.4553231196611
"397",1.3506251947355,0.174879508694937,0,0.245023843781496,0,0.677870699442542,0.342542118446151,0,0.573127912301052,1,4.31431428565497,0.9,0.824437240463415,0.310055179885551,0,0.481931992032656,1,3.84631781308557,0.9,-3.2,1.3318498287577,0.418475766729445,0.9,0.76,1.6097225353829,1.85819141438617,1.34611468880745,0.3,2.6466471268242
"255",0.863496405362246,0.210676025291341,0,0.238397298485175,0,-0.312622274303591,0.596714837811261,1,0.94323545134482,1,4.89871482179103,1,-0.065227103405356,0.519804520961795,1,0.717823319645462,1,4.61551858276124,1,-3,0.721633605123141,0.567828090666477,0.9,0.96,2.38735653296582,0.590657176144214,0.589811775609163,1,3.29646321045341
"467",1.74860256304379,0.195742562210723,0,0.22308750599203,0,0.700424043224892,0.470786480921462,1,0.754705443171838,1,6.32300745840156,1,0.871344567513231,0.435742138576197,0,0.730872096431339,1,5.97092404426525,1,-3.2,1.6136525705789,0.390850541875294,0.9,0.86,1.65032858096193,2.9614845557736,1.6286916829115,1,4.44448991588862
"520",0.891407668739358,0.286837247601705,0,0.340931904259669,0,-0.63947993186011,0.403688732644058,1,1.13880123777981,1,4.95889548701336,0.9,-0.459436050783123,0.387329355072033,1,1.05617779738847,1,4.68184750990327,0.9,-3.2,0.667578605057118,0.321603470053805,0.6,0.66,1.21090153870903,0.668957977000174,0.617215951905162,0.8,3.12234158491028
"487",0.994772415002324,0.286440773496619,0,0.280838891340909,0,0.264460055144816,0.435586168392688,1,0.494027830752691,1,5.52358776193672,0.9,0.322569038249426,0.414175571870788,1,0.462166338898837,1,5.33473436890533,0.9,-3.8,0.967400593285584,0.644545073096281,1,0.98,2.89216126890609,1.31711388211291,0.96305007391264,0.8,3.1957323999109
"136",0.443115568567355,0.164267261636307,0,0.199484103708416,0,-0.233606219193338,0.395413097768242,1,0.626016138271846,1,4.89060688127829,1,-0.241158026462575,0.38937955840344,1,0.586501311839013,1,4.77884527000438,1,-3.2,0.435999813429048,0.519922712575042,1,0.9,2.29058192802164,-0.333825469738172,0.31771019815433,1,3.26466299381995
"145",0.588239733277717,0.280624066798337,0,0.289960452807685,0,0.019487821933267,0.266048538046658,1,0.344002853905908,1,4.39837169466502,1,0.0673264760994434,0.266568183422131,1,0.301917725597484,1,4.27615275368508,1,-3.2,0.66977927003089,0.60850226602405,0.9,0.94,2.14781895464895,0.706311319201854,0.698961862711995,1,3.15840733075316
"5",1.62580265052665,0.21365839283777,0,0.212554769484095,0,-0.046106962170799,0.720618908154942,1,0.671709303120228,1,7.35695726055976,1,-0.040148462983324,0.718684208071278,1,0.674280272800036,1,7.33741567931138,1,-5,1.09137267027634,0.514935531424318,1,0.96,2.19687839910774,1.0880259199866,1.08626687402183,0.9,3.31393887523863
"161",1.2207583264821,0.198918197570796,0,0.235930513879962,0,0.693207418848082,0.324741894894999,0,0.357873649340617,1,4.37125264927649,0.7,0.961806486185488,0.282336229536732,0,0.42228335794294,0,4.0302981558463,0.6,-2.6,1.07800211011491,0.382168320667123,0.7,0.8,1.48445724173844,1.64262345456345,1.08660099320173,0.5,2.96415973396481
"137",0.690167570791985,0.233197294221387,0,0.329812160551002,0,-1.51958481739378,1.24381484074138,1,0.792295151858317,1,9.48239137794546,0.9,-1.25691424474616,1.14609828469286,1,0.929868329728827,1,8.55004872480264,0.9,-3.2,0.46543443598405,0.498293625737289,1,0.98,1.98691408616871,-0.00264419827124707,0.471462128375106,1,6.18877102421079
"239",0.488694526126511,0.265371720945014,1,0.216622493712574,0,-0.192400700011697,0.44379724918648,1,0.38112741294067,1,4.39102039587101,1,-0.191379958594051,0.443419350027865,1,0.362902744110362,1,4.38921409885742,1,-5,0.492901922170754,0.336742230705708,1,0.82,1.43006168775239,0.0113052684764501,0.170878485391244,0.9,2.68143591576289
"470",1.04313050962979,0.276622412849174,0,0.274777683422164,0,0.239288666406063,0.498724450022812,1,0.471880638432397,1,4.17698189253764,0.8,0.29845147921297,0.482434330966982,1,0.514594584027958,1,4.01607916024014,0.8,-3.4,1.0173979313731,0.560122162832228,1,0.96,2.16363034202312,1.75583387184254,1.67102184060265,0.5,3.26223763119092
"319",0.866408877123706,0.129342652470247,0,0.143080172964575,0,0.187240136591377,0.244821031088468,1,0.437127255358737,1,3.62563130882445,1,0.189524817695895,0.244399859107168,1,0.433311675220345,1,3.62302990282747,1,-5,0.775796560908421,0.994238530555722,1,1,3.92065097366242,0.775445859488438,0.759590069092438,1,3.22990503332114
"267",1.38295209179995,0.197263126293236,0,0.177768671759363,0,0.571841642226803,0.308035027193399,1,0.324920388374166,1,6.57080552517764,1,0.573768137093212,0.307471648188279,1,0.381646907146497,1,6.56317033615182,1,-5,1.22766046518356,0.376304464731277,0.7,0.82,1.47504645358844,1.22844145240238,1.2264530862226,0.8,3.39086370094912
"31",0.698661395138133,0.197947973843353,0,0.170646550412831,0,0.397176473404147,0.297587666531422,1,0.261211105798289,1,4.18420691481968,1,0.393374377836296,0.282012534638432,1,0.251935994130091,1,3.79992677351711,1,-2.6,0.61070489196217,0.524474119454312,1,1,1.9181752625462,0.576024672027736,0.575723601014769,0.7,2.83126278424826
"226",0.843376476893887,0.210973872996524,0,0.221029677596546,0,0.176067436660686,0.297774014920101,1,0.756289887611526,1,4.08776413845223,1,0.204035149794463,0.292747479029845,1,0.65031536334218,1,3.99456052687284,1,-3.6,0.792290396221041,0.391767314920524,0.8,0.78,1.5780027326315,0.772033217612347,-0.653508408172365,1,7.2603377074441
"237",0.750729789519736,0.198919192566108,0,0.27081139087907,0,0.160656776994877,0.311528373128138,1,0.557653984077652,1,4.00298359172994,0.9,0.223241709330747,0.300028466939608,1,0.571916174586305,1,3.77097514392712,0.9,-3.2,0.615520063493791,0.48176120689332,0.8,0.92,1.74306207568011,0.622178224857514,0.408270084406112,0.9,3.17796857820896
"513",0.793511163072522,0.15292080349916,0,0.176336939094138,0,0.0916087681624429,0.347069724592946,1,0.550971483036581,1,4.50556524274943,1,0.0922069806609462,0.346864991670885,1,0.598155050526243,1,4.504080816139,1,-5,0.449274380467987,0.596379913791226,1,0.96,2.36798221891108,2.88147775223289,0.506581005802091,1,3.49307214910817
"320",1.13623201864032,0.248370577330253,0,0.264268106750936,0,0.0812252886453178,0.462099294836316,1,0.696234991447921,1,4.87110453703216,0.8,0.0862038477265621,0.461428347204213,1,0.657822219165323,1,4.8626825309609,0.8,-5,0.950720306213363,0.570444457925531,0.9,0.98,2.29863822780932,2.06996259764615,1.01399756049966,0.8,3.31442752861107
"59",1.1966049988355,0.397523027268757,0,0.414788993999803,0,-0.487177404038192,0.902718881902462,1,0.89815072167203,1,10.3741761700642,0.9,-0.192920386055498,0.804711925166158,1,0.794960700016275,1,9.133006113866,0.9,-3.6,1.13689569655678,0.4462096485029,0.9,0.9,1.74388645851876,2.02709711877883,1.1441924896258,0.8,3.61623570655073
"414",0.607108942661503,0.23426199818107,0,0.238503189367531,0,-0.104967562474161,0.286910338326066,1,0.40361621695295,1,3.90948795500361,0.9,-0.0347222941401082,0.277473473504748,1,0.355412867308145,1,3.84579043640654,0.9,-3.2,0.631144298061791,0.452958593213872,0.9,0.92,1.60872229586736,2.26095257945927,0.687948017240072,0.7,2.30473507257683
"203",1.48270063271964,0.350433072527921,0,0.362166954848155,0,-0.160600402433629,1.08366250577335,1,0.705911315349335,1,6.32468101609908,1,-0.0884924591739495,1.06434008887758,1,0.713940060567852,1,6.16655964912544,1,-3.8,1.36718532872334,0.611669705505478,0.8,0.82,2.4462832118842,1.41328506101181,1.40350860757114,0.8,3.54934661421523
"323",1.20776555899313,0.259791624762902,0,0.201197205464854,0,-0.244615393503592,0.733101037884426,1,0.462437356938645,1,5.79091461901431,1,-0.238833553900294,0.731845976047856,1,0.434175083796699,1,5.79815384936437,1,-5,1.12664652316304,0.457226877699539,0.8,0.74,1.82416093781025,1.77205236013736,1.08601362770502,1,3.71444058232288
"348",0.957101165630303,0.253544964940603,0,0.309586635302136,0,-0.0904779198082291,0.408601005107213,1,0.631358061671894,1,4.70542621451478,0.9,0.0316554723863582,0.389095061049612,1,0.65532397784258,1,4.56338436579132,0.9,-3.2,0.785822728485994,0.513273837349693,0.9,0.9,1.86660721133387,2.75083469087606,0.874496280587362,0.9,2.56801016061553
"450",0.762015029196082,0.200714031308226,0,0.215214728917552,0,0.213546219850667,0.235722506989624,1,0.352780083160982,1,3.75384210942531,0.9,0.284401803131178,0.21810544328722,1,0.34270124639083,1,3.57375283596479,0.9,-3,0.80703599949524,0.398049030256411,0.6,0.8,1.59819561352347,0.783032045987734,0.774644086863712,0.7,2.99838199458758
"386",1.15235900892009,0.188376762418666,0,0.221502492933438,0,0.675831031828769,0.44966559334333,1,0.746686652491036,1,4.69161216581302,1,1.07777924114512,0.318275367679153,0,0.513713372837265,0,3.66541488195003,1,-2.4,1.03397839444016,0.4897879507555,1,0.96,1.87034927340943,2.5352998051329,1.10945065017819,1,3.82180925425261
"120",0.965626068510055,0.191937493477604,0,0.251202709698099,0,0.610761912791627,0.219276967109276,0,0.304937903290811,0,3.13408918229152,0.9,0.731115916415336,0.218523106397051,0,0.304486496320272,0,2.93015963348967,0.9,-2.6,0.811134158751159,0.42467137174352,0.9,0.78,1.55079081431799,0.814306889542399,0.767180279603401,0.5,2.32637153169756
"245",0.677387479895405,0.300750419260757,0,0.256569345156272,0,-1.40993664014215,0.838394625162103,1,0.840933602025362,1,8.11285193892445,1,-1.18847075171007,0.726030744988917,1,0.737272626954875,1,7.44828135517559,1,-3.4,0.269609227908981,0.532558855951492,1,0.96,2.04593627348759,0.522818194507651,0.287507969548728,1,3.83955427646358
"196",0.937838255060934,0.182435506581557,0,0.207536055639592,0,0.587815733721977,0.239928745498979,0,0.33654926431309,1,3.86658928950501,1,0.602889069023841,0.235789266214068,0,0.345086493160554,1,3.82541622595978,1,-3.4,0.862043136267292,0.528747779664391,1,0.94,2.26261859327513,1.02067270138281,0.881075809397228,1,3.43746515929509
"413",0.589011288534321,0.225159100533077,0,0.270035294136977,0,0.228973932217558,0.323127878331279,1,0.389441162840175,1,3.2044318295509,0.8,0.228949044854002,0.322908201973945,1,0.384104017404934,1,3.20349293962508,0.8,-5,0.63431676225848,0.4352689274194,1,0.94,1.77800657321327,2.26497063274403,0.787446396469516,0.7,2.54013163846717
"455",1.18306905490298,0.213215786490637,0,0.233299745498048,0,-0.481368965135941,0.804890506675474,1,0.455686479727287,1,7.93916858119972,1,0.095274851891991,0.719909184884382,1,0.502574957214891,1,6.14524754153568,1,-3,0.983821045595496,0.44535791900738,0.8,0.86,1.9036061243361,1.08107491153594,0.957410807818711,0.8,3.18101935037791
"404",0.82571411391347,0.208160980770296,0,0.204524952211584,0,0.292486078662949,0.256770695884228,1,0.271835494743606,1,3.31210367276357,0.9,0.551166241502889,0.247766275633881,0,0.300688889843052,1,2.37448844091028,0.9,-2.6,0.580535542579458,0.273732535440412,0.8,0.5,1.11071542448909,0.616241159131499,0.606533597690326,0.6,2.00643810347353
"248",1.3044952728556,0.203194900083283,0,0.228465607976105,0,0.855571216703891,0.296841617976046,0,0.507799438077486,1,3.55251778977226,0.7,0.856889783013711,0.296625812402549,0,0.512411026421839,1,3.55031973246478,0.7,-5,1.29436927202799,0.657941367936569,1,0.92,2.83743158604968,1.18227829784419,1.18202469415121,0.5,3.56972177906834
"20",0.297640832158977,0.273415347162085,1,0.259086396142421,1,-0.0575740471058999,0.312381617677306,1,0.522418959588665,1,3.59274379603076,0.7,-0.0569366897013239,0.31229798169828,1,0.485126778578869,1,3.59147957913164,0.7,-5,0.361681842449271,0.630812987004072,1,0.98,2.5938853905611,2.15936836334081,0.44306104004821,0.9,3.19929497948404
"265",0.627890741384105,0.168900585700212,0,0.189779143852698,0,-0.118234531854701,0.24199724650511,1,0.30663449162705,1,4.03586765363036,1,-0.116974178428454,0.2418607934082,1,0.329777724987792,1,4.03329884886534,1,-5,0.490485320066729,0.465431539226203,0.9,0.94,1.98307419652434,0.610618299289394,0.609964665545987,1,2.88325587087964
"210",1.3264665003917,0.355549941575734,0,0.353123177111038,0,-1.1375707265912,1.65439186157958,1,0.992168096476815,1,13.5454682755514,1,-1.12019221926836,1.64576144021224,1,1.16665964926544,1,13.4738100718212,1,-5,0.917642679583284,0.368574817376628,0.8,0.92,1.51976705919991,1.07081658996617,1.06628660150194,0.9,4.14389797399528
"333",0.89166687967642,0.339024105678853,0,0.29654151213901,0,-0.102567532260738,0.370133365553771,1,0.544051131002006,1,7.45218285519966,1,0.0217271468184825,0.334437433861228,1,0.567747504113852,1,7.14760300649481,1,-3.4,0.756435084738303,0.515886130025679,0.9,0.96,2.01850533260483,0.726220548304787,0.725028610781201,0.9,3.34581434872864
"475",0.865694067303085,0.34916770327501,0,0.278957769254156,0,-0.509189125495442,0.521726869233951,1,0.537489764656916,1,6.99567200821833,1,-0.506279086975876,0.521629241653869,1,0.564274681375522,1,6.98868849251437,1,-5,0.654734969749013,0.469951937658166,0.9,0.92,1.8122139757833,0.67491628913199,0.656321285731462,0.8,3.46020170507069
"223",0.781309362526296,0.296896233474994,0,0.296880430046235,0,-1.39841360886685,1.29480904903809,1,1.0203709070373,1,7.40109669553868,0.7,-0.973873718470748,1.13916242000962,1,0.795160482165954,1,6.51507723796389,0.7,-3,0.573467211368757,0.63044819756383,1,0.92,2.85712286975296,2.94953553915086,0.610958408471818,0.9,3.92943973397842
"439",0.959582688697069,0.170129515853465,0,0.186701247712503,0,0.354689802059955,0.250436382711345,1,0.336972791960066,1,4.70347422854924,1,0.44364713839112,0.236485805633245,1,0.293725530815286,1,4.54714873472852,1,-3,0.748397337468532,0.350450746489031,0.7,0.76,1.34032977983382,1.05736198787616,0.746664282115088,0.8,3.12782476354487
"115",0.733891148066851,0.196924026249474,0,0.207594589684199,0,-0.37416238582923,0.408942201153408,1,0.654557019398213,1,4.31609507823911,0.8,-0.125777460294762,0.388914406189458,1,0.564453421723304,1,4.23441355311822,1,-2.8,0.662955147226214,0.939238577144287,1,1,3.88553680136908,2.87021426840053,0.861684417483556,0.7,2.76661305208705
"478",0.830922183404719,0.220611379534528,0,0.262936816600559,0,-1.22001838762528,1.02189937539535,1,0.883374520977612,1,7.67714891214666,0.8,-0.91267223814231,0.916022422533636,1,0.754130587846975,1,6.85661483290444,0.8,-3.2,0.629710476243547,0.527386654872477,1,0.98,2.05957828178244,3.39596422880679,0.752335787801618,0.9,4.22339267859999
"215",0.797053914842821,0.196510761015687,0,0.215135154512463,0,0.413516048367806,0.229233628020067,1,0.229433923285722,1,2.94728979535546,1,0.423827247086042,0.228327707127521,1,0.223586032675693,1,2.91208617964291,1,-3.8,0.636905791804148,0.413706023213514,0.8,0.8,1.75822406552348,0.629749796829266,0.51319749067589,0.9,2.0451528448088
"169",0.696041122322865,0.277658789042113,0,0.324140724104319,0,-0.594542377458661,0.46002686036193,1,0.699177047736019,1,5.50979323104536,1,-0.592536700630756,0.459668217282185,1,0.686439528820936,1,5.50377544597118,1,-5,0.708333687894086,0.387089337930161,0.9,0.84,1.54042365652599,0.704780566535068,0.691735183962764,0.9,3.51038801381246
"501",0.903102481329332,0.235575668862001,0,0.278685024561056,0,-0.284809142731477,0.443856155553878,1,0.387360060972336,1,5.82570542519423,0.9,-0.223707177462032,0.430545210191711,1,0.389264221842736,1,5.66225308501656,0.9,-3.8,0.703499637443336,0.496209679771185,0.9,0.92,1.86772971566158,2.32682020257616,0.77941551263157,0.9,3.57605990982869
"243",1.47585887300612,0.332196132967031,0,0.347642027972971,0,-0.551597840525093,0.83307118230778,1,0.857513668145008,1,6.44653834550803,0.9,-0.490375756779639,0.807609561325071,1,0.807764639311674,1,6.333169278779,0.9,-4,0.943957633085471,0.421763026414982,0.8,0.76,1.68995498699315,1.05959879221332,1.0000201826949,0.9,3.09657357405847
"53",0.0248186396369201,0.213718223916853,1,0.235154201189523,1,-0.994512097527068,0.4303838758029,0,0.568559952465397,1,4.72274646490088,0.9,-0.930884381537237,0.418275387048506,0,0.554984107139785,1,4.66494421306445,0.9,-3.4,0.312133198477147,0.675764367826652,1,0.98,2.65067792604038,0.869282963924495,0.333000922459328,1,2.96997301458564
"271",0.483488774005429,0.165568371182111,0,0.170048204687456,0,-0.0415386534112168,0.41269424016086,1,0.481198636208283,1,4.92015921811988,1,-0.0919967203859846,0.407890916888077,1,0.492326382461649,1,4.51690082430629,0.9,-2.8,0.418838584689055,0.492517122811737,1,1,1.83703444035291,0.420023997300479,0.469674533986774,0.8,2.96959009368926
"146",0.847606757948932,0.251614825100993,0,0.252791456072434,0,0.280089092036929,0.290238349126696,1,0.530339278334038,1,4.88592123617109,0.9,0.471626892704846,0.293241173673357,1,0.487991844706792,1,3.97312532606978,0.9,-2.6,0.756951117865951,0.419584125880883,0.9,0.98,1.74167070780266,1.48617359218199,0.770508773520865,0.7,3.08798749545163
"344",0.686646985642757,0.207444498763223,0,0.212357909708028,0,0.329687881282861,0.217712992703637,1,0.281940136842453,1,3.2837876527038,1,0.33009425156726,0.217692677976517,1,0.286897190083181,1,3.28250868399733,1,-5,0.581111812569358,0.57836833112762,0.9,0.94,2.040483523479,1.11628288602598,0.620356700071409,0.8,2.86217806188372
"35",0.953027672924279,0.230038156818259,0,0.198981723294976,0,0.423855587274101,0.392088593355022,1,0.392096803794103,1,5.17117374289433,0.9,0.477399295236843,0.375684348810449,1,0.333320431924037,1,4.82477589406114,0.9,-3,1.04883973287294,0.578073048490114,0.9,0.96,2.51804995802731,1.54874298104444,1.09035164662967,0.9,3.86452185166137
"469",1.15203564069698,0.211766526188272,0,0.164267010419867,0,0.408606466557161,0.307214737489235,1,0.376336732168887,1,5.21347868883299,1,0.563163681337586,0.289507790150951,1,0.333173230096246,1,4.44006581710089,1,-3,0.98851799404977,0.48021007274462,1,0.96,1.96399843508681,2.71970081929924,0.961643763465129,0.9,2.91531745917466
"18",0.903259488757953,0.141659324191391,0,0.148006758518371,0,0.298949495235972,0.257140700949642,1,0.3171365486341,1,3.82774702120049,0.9,0.346086439048764,0.249524053677272,1,0.30555332158786,1,3.60605280481808,0.9,-3.2,0.776588707869553,0.395663001082281,0.8,0.9,1.52778491264216,1.13974869992074,1.48546843160289,0.8,5.78951915642302
"256",0.401469243586621,0.179706712422806,0,0.219308568507265,1,-0.360070330994279,0.377462589097351,1,0.416403462498837,1,3.45518811918387,0.9,-0.261288678319381,0.371955083402874,1,0.380777053400571,1,3.46798327500961,0.9,-3.2,0.560759894554211,0.349940388318545,0.8,0.64,1.46547580323591,0.563355898213364,0.503167971352592,0.8,2.97523720046236
"279",1.42845884340955,0.201752252708253,0,0.183278848210355,0,0.525380979832913,0.49978690015018,1,0.518155831489828,1,4.98290722606433,0.9,0.830262928264404,0.430133946578881,1,0.419296813126424,0,4.30250008236889,0.9,-2.8,1.08569650661569,0.41163570386161,0.7,0.8,1.65120569918787,1.63432279241266,1.18257667699122,0.5,2.66858170781097
"318",1.35414796144611,0.309984648836295,0,0.32499662226135,0,-0.174845730362315,0.545052743693682,1,0.521713975261738,1,5.63832770754546,1,0.037884872109315,0.517364960315008,1,0.531517104343171,1,5.25608116516916,1,-3.6,1.19743230523517,0.493255951864495,0.8,0.86,2.02917904699593,1.22405657522056,1.22018918023236,0.7,3.31819348198133
"139",0.953416490183805,0.162742608960151,0,0.163361327782766,0,0.325739355617692,0.264600097176738,1,0.500063577433194,1,3.3947583383692,0.9,0.396497545746538,0.252415387004922,1,0.501386198312957,1,3.30853318902885,0.9,-3,0.620418365859727,0.536248795537957,0.6,0.84,1.87271702702514,1.27155597977794,2.93089283455703,0.9,11.3713289654785
"15",1.54932190589681,0.218055703112831,0,0.242370134555482,0,-0.281290002825848,0.869040782656649,1,1.07981416855193,1,8.39282156769458,1,-0.274164728344523,0.866169734197806,1,0.967636954858665,1,8.37034880082424,1,-5,1.35955367258644,0.509391225629967,1,0.9,1.99100732089929,1.62799643118324,1.2191474321119,1,3.81519609666129
"82",0.583730445995235,0.146089995453034,0,0.134686866203627,0,0.121215486586013,0.235352329717706,1,0.246721647089897,1,4.09319174601892,1,0.12647391285336,0.23476955632195,1,0.244575889155684,1,4.07268836913821,1,-4,0.574620170460627,0.567755344625656,1,1,2.16372959823678,2.11495452307314,0.605048870985144,1,2.42800687697114
"338",0.819685109591941,0.125929018994617,0,0.147658627695097,0,0.606047748697621,0.200328609074379,0,0.308637455349934,0,2.9939978612824,0.8,0.614266788328413,0.198471393383523,0,0.31181176852038,0,2.95462652015091,0.8,-3.2,0.742233062610357,0.358173518803135,0.8,0.84,1.22155995849351,0.254820095792962,0.591925045977146,0.6,2.49225339548158
"230",1.15989976513671,0.195844990564364,0,0.199341605607132,0,0.0223888406688935,0.409803813143544,1,0.566753557443747,1,4.45410373676862,1,0.0728251786967355,0.398658517923947,1,0.540576144529541,1,4.35614185449924,1,-3.6,0.992526301153719,0.331869236896365,0.8,0.84,1.26499672848044,0.986140537627804,0.953126561692113,0.8,3.03426747485729
"213",1.09257293669707,0.319885765606508,0,0.363527693704607,0,-0.315256460450937,0.475554387720002,1,0.772321472295742,1,4.67858347397143,1,-0.179181900243054,0.442226801481315,1,0.665255726602689,1,4.49024716365291,1,-3.4,0.751440363276578,0.529195001194933,0.9,0.88,2.28769477801624,0.718769150685452,0.609456564740547,0.9,2.75837258255286
"40",0.971086043329013,0.208193730515325,0,0.217053268259835,0,0.793510421249702,0.2647732953466,0,0.346834790486405,0,3.98629049648827,0.8,0.836276930215839,0.243531936381266,0,0.30664548016291,0,3.61273431794673,0.8,-2.6,0.871965990148233,0.478942827187302,0.6,0.82,1.75534597300029,2.17865788695999,0.88685464267801,0.6,2.4580414779949
"10",1.2065248388647,0.156123480761474,0,0.162912076113062,0,0.653285558653133,0.336961878415331,1,0.395797228194628,1,4.73327834121972,1,0.737803736755414,0.319215305764203,0,0.407438274048798,1,4.57084921233946,1,-3.2,0.980216024377753,0.443311564780069,1,0.96,1.7494594211856,1.49808082403738,0.945582803350539,0.9,2.83044730544342
"405",0.792920728577811,0.219849706162803,0,0.234975406800672,0,-0.254519317332689,0.386774413821343,1,0.553015209678513,1,4.14949216495789,0.9,-0.252249374770056,0.386591998973065,1,0.578602257624464,1,4.1537756543503,0.9,-5,0.465411796498914,0.359332677396483,0.5,0.66,1.32146462336739,1.14327744598718,0.597572372539684,0.8,3.46008939063755
"202",1.54707980550076,0.198127452066333,0,0.237826940810094,0,0.958948548796662,0.290610327887776,0,0.345520869008741,0,4.0135037864892,0.8,0.959524242345696,0.290464104760141,0,0.318960188203204,0,4.01243287980003,0.8,-5,1.54448830663074,0.460977846243739,0.9,0.94,1.72855825622894,2.11485486577401,1.64747056302672,0.3,2.83313906967299
"96",0.295755756821311,0.227615681564016,1,0.263194460716906,1,-0.209281559558124,0.317851162206575,1,0.406694512084786,1,4.56483473539242,1,-0.208997240345112,0.317806862072052,1,0.427849208800423,1,4.56392410697609,1,-5,0.291763640432563,0.500428343084348,0.9,0.96,2.10857771098191,0.291705043634123,0.379350032520489,1,3.4519802849202
"130",0.811327819297778,0.252339968004987,0,0.253746625492159,0,-0.668411962440487,0.719742636828572,1,0.522391318290142,1,6.83686016730429,0.9,-0.664597717976175,0.718703584105538,1,0.453714276108191,1,6.83657651701947,0.9,-5,0.824073349693539,0.51411158726367,0.8,0.94,1.94801220919691,3.10268825034812,0.895884693914054,0.9,3.95890337580421
"90",0.87740800200222,0.189446129134669,0,0.221094603523501,0,-0.211894453375849,0.462205385808291,1,0.603118747498267,1,5.49768827037581,1,-0.0394791137819839,0.447594026145589,1,0.506818538867007,1,5.15419566748083,1,-3.2,0.771194000623081,0.503508749384672,0.9,0.96,1.978327507839,0.75939087758885,0.75881458510035,0.9,3.21691660070476
"366",0.956972244007388,0.234963315655102,0,0.275546404327651,0,0.212893949956405,0.299158972585871,1,0.35463835404549,1,3.69548094515921,1,0.213767940265799,0.299082077508422,1,0.340398421198965,1,3.69392779555933,1,-5,0.66372585455906,0.672745454955981,1,1,2.66483937746354,0.913528033621075,0.691182189082757,1,2.97155483000316
"253",1.0101695886155,0.236100484700775,0,0.232260378367727,0,-0.189688541338485,0.359094721369954,1,0.90581103994438,1,4.99766193408604,1,-0.164417900675653,0.352034674400334,1,0.90210091778045,1,4.94279151658272,1,-4.2,0.933923443862375,0.651044303000849,0.9,0.94,2.60679582035116,1.55752393147858,1.02154750636856,0.9,3.51216444347244
"47",0.876074490641135,0.318557013404781,0,0.33020770864996,0,-0.526011847773882,0.504475545522419,1,0.445210842431981,1,6.02882008131544,1,-0.310476212701174,0.479298652151206,1,0.384088194836849,1,5.58858839214533,1,-3.4,0.51799227476613,0.395202402168937,0.7,0.82,1.70946970448815,2.13766628032722,0.53717749406193,0.9,2.95283902146085
"94",1.29404888251059,0.310782812592537,0,0.376039954590267,0,0.386276332713289,0.399020222310703,1,0.62468091751617,1,5.15979149886094,1,0.605233083087855,0.3910620179045,1,0.513290110172098,1,4.83531969340873,1,-3,1.40827638256498,0.592473024435691,1,0.94,2.41515464217336,2.89898864551443,1.71769363572979,0.4,3.87434603004862
"296",0.798742469226295,0.316110842281425,0,0.313094666028478,0,-0.17306914829199,0.507780313233535,1,0.631107618568107,1,5.5633071844233,1,-0.10459878011872,0.501638151986621,1,0.596017506176866,1,5.31503387947546,1,-3,0.7023430630714,0.535737282047738,0.8,0.96,1.94703166394059,1.49845420868984,0.697336316084872,0.8,2.87509398470281
"300",1.03061297717695,0.224902369297659,0,0.182145117798299,0,-0.521941205985255,0.661477433582084,1,0.882069232990726,1,5.74759756955504,1,-0.228145145447735,0.582372944163178,1,0.638519970400264,1,5.00268965536529,1,-3,0.76209831533582,0.397030978510541,0.8,0.8,1.44402035814163,1.84632362549667,0.784689274089049,1,3.35580346783289
"292",0.511741128623309,0.158246349422505,0,0.160690365734088,0,-0.0471734941725148,0.377202524681822,1,0.431781747919044,1,4.5249554558398,1,0.0126296919440496,0.316501169864197,1,0.37489504659194,1,4.0231364594992,1,-3.2,0.463857896728231,0.544130084177554,1,0.94,2.00069835372249,0.495469861625085,0.515651096925346,1,2.79331878280559
"150",0.844837725991196,0.178297070156605,0,0.183110127473206,0,-0.0353696195478954,0.437801297014026,1,0.445800349618387,1,4.97651167346746,1,-0.00539592825488544,0.429952650425729,1,0.513567960131375,1,4.9277244868122,1,-3.8,0.959743944990507,0.387205951277813,0.9,0.94,1.5091295890027,0.951355270471645,0.930321944285977,0.8,3.52302166045531
"66",1.40424970564662,0.252014428783318,0,0.257341934535762,0,0.255586640754982,0.462545431190131,1,0.860661817907708,1,5.2257810772587,1,0.290130564388477,0.451490068178259,1,0.879759183201815,1,5.17234743400552,1,-4,1.10128883412055,0.557854680624927,1,0.96,2.30340503814012,1.09829545441727,1.07124048578755,1,3.63139587493925
"497",0.702150529361181,0.245448440113591,0,0.253133012386571,0,0.0936917478845176,0.420686934809094,1,0.550330509984107,1,5.17777448629696,1,0.260655438958306,0.371675529383965,1,0.602064331013201,1,4.65063518463005,1,-2.8,0.64977131864616,0.487083003645107,1,1,1.89734886124851,3.09144616275325,0.834901142292564,1,2.99067006055692
"235",0.514582314310809,0.205379548971327,0,0.203798243311768,0,-0.0578667180854633,0.245205139933225,1,0.368834161999439,1,2.62538289016732,1,-0.0569992759724984,0.245172930106545,1,0.383602631001167,1,2.6261912462742,1,-5,0.688992118237584,0.541845895872288,0.8,0.84,2.02049661608323,1.27803741843657,0.554970675727589,0.8,2.7926399351528
"262",0.394423498395001,0.183362305929582,0,0.174813686423726,0,-0.398732646185227,0.320079117201148,1,0.355139170950107,1,4.62135512776134,1,-0.362792371495516,0.308516566348793,1,0.281426535813037,1,4.50655065816577,1,-3.4,0.424680731216191,0.625645408589156,1,0.98,2.39069145240738,0.863359679866061,0.426367124932344,1,3.00671003827245
"507",0.462353410720415,0.208520241895311,0,0.214468950722578,0,-0.00793053383067521,0.322312490492403,1,0.394176200694281,1,3.9695654864917,1,0.00610789648297194,0.320454966032927,1,0.375412247508095,1,3.92647007458915,1,-3.6,0.466818158911545,0.522619861048965,1,0.96,2.20538060231237,-0.0944484775318717,0.488165020055311,0.9,2.87991441194661
"288",0.835192075948926,0.173937304369479,0,0.184761639082127,0,0.206823626617168,0.385937019607849,1,0.341678657593074,1,5.73291889792026,1,0.267673950881032,0.373093882189156,1,0.355814942278103,1,5.37763353813777,1,-3.2,0.660774408564593,0.440456440828002,0.7,0.84,1.64482774614608,0.667235710815865,0.625207502228361,0.8,2.76792250212885
"165",1.33700530724151,0.168357582784144,0,0.161176235503674,0,0.671364817580928,0.357777830848645,1,0.609683216062364,1,4.08411099594909,1,0.869241483552563,0.307871968619286,0,0.491922265807319,1,3.68920928515933,1,-2.8,1.10333516265228,0.352637324378323,0.8,0.82,1.54855385045261,1.69453804112556,1.14070552723524,0.8,3.27456541573901
"387",1.104373208091,0.219109476958593,0,0.245037766577708,0,-0.327953190923745,0.641892974255468,1,0.508767030024137,1,6.56120372135827,1,-0.0953902323713463,0.540265061308965,1,0.557441661311307,1,5.97725332022574,1,-3.2,1.03758788607713,0.270181867031927,0.3,0.48,0.99657818630629,2.47753923358042,1.05193987764648,0.5,2.57368483806918
"95",0.972262572796032,0.158800470995841,0,0.14521792675406,0,0.615022510671616,0.254215831797856,0,0.265900210452781,0,3.11483321994602,0.8,0.615664300820852,0.253963280979016,0,0.224740516217065,0,3.11209263626158,0.8,-5,0.955943384070308,0.544106191456855,0.5,0.8,2.2202215657059,2.16966226057719,1.17098479040047,0.3,2.57901989436083
"471",0.73750049810091,0.266371275694195,0,0.322265196047106,0,0.0391039962141502,0.420473854820566,1,0.599176268408379,1,4.34470258449336,0.8,0.0395159379793468,0.42028013689898,1,0.562027404063327,1,4.34511127325593,0.8,-5,0.879045852831923,0.534544000105363,1,0.98,1.94002746889466,1.72392897380627,0.874825836192641,0.8,3.79700606367786
"460",0.883729038859027,0.163003827901722,0,0.178595480032217,0,0.580981640847589,0.239304881435173,0,0.27458490682548,0,4.15564401104536,1,0.608039185646384,0.227084308943221,0,0.236516453876679,0,4.08226536065814,1,-2.6,0.70962334612399,0.339429402081311,0.8,0.76,1.39698577353956,-0.0712716102403981,0.646764079922319,0.9,2.89951932860566
"171",0.426048708750611,0.179135063742386,0,0.194343362217811,0,-0.217937462393959,0.366964268142577,1,0.377369222777337,1,3.13194401683012,0.8,-0.136453020415809,0.359566428249956,1,0.361634467689338,1,3.11212777410598,0.8,-3.2,0.448897921677932,0.410857766586983,0.8,0.92,1.62209890867347,2.78794393056143,0.508828939029999,0.8,2.27996028598868
"247",0.808803512144141,0.246161979542162,0,0.247561993250542,0,0.318563812273341,0.29107732763653,1,0.594954413606707,1,2.99898085579945,0.9,0.31952555856041,0.291097082828654,1,0.586170974203441,1,2.99897299115498,0.9,-5,0.836207346165713,0.36020164735057,0.7,0.76,1.50276984099762,1.9638816838993,0.871290332696382,0.8,3.13232897412759
"408",1.23012027383,0.191159734247881,0,0.224723044234966,0,0.44037850573339,0.239536761845135,1,0.264745017744025,1,4.55163110227605,0.9,0.601660435624966,0.225810502240226,0,0.287227411697018,0,4.29470344538462,0.9,-3,1.00513005953567,0.540704166270723,0.7,0.82,1.96837913381996,1.48405161869739,1.01880373007875,0.7,2.99248720266021
"166",1.11883946917561,0.211731867541316,0,0.250840899299579,0,-0.0149645661646285,0.483865336033475,1,0.362559667208995,1,4.10091459537,0.9,-0.0110787482106187,0.483200275049576,1,0.418639992926293,1,4.09562124662955,0.9,-5,0.953066171626175,0.606153573044736,0.8,0.88,2.61976056796456,0.917911918760831,0.912609132201763,0.5,2.30435393659767
"44",0.621604027857758,0.191316363766446,0,0.217493242007374,0,0.2737861695886,0.2150081718861,1,0.315396479791302,1,3.14723722721404,0.9,0.293649314997837,0.214514635583207,1,0.301837244234961,1,3.09979732307126,0.9,-3.4,0.561149924312379,0.509389047325294,0.9,0.96,1.91731591716952,0.561299132969087,0.547380584464823,0.7,2.15477137811275
"168",0.5834688535865,0.326301417115677,1,0.329004297778589,1,-0.174882276895043,0.350719104763652,1,0.587773866043196,1,5.39726428837712,1,-0.0881399912945122,0.344467264824067,1,0.602592398924867,1,5.32440841230583,1,-3.6,0.807401474601237,0.346859089329295,0.8,0.84,1.44095128625849,3.01917760323591,1.16004845143852,1,4.52006694866188
"65",0.753427548901394,0.210558243784839,0,0.232232605269874,0,0.159090004270736,0.393670391927377,1,0.830243100805535,1,4.31363629164392,0.8,0.171153243400996,0.391476063248033,1,0.823387072549776,1,4.30275517719832,0.8,-3.8,0.743753459519709,0.612064015171503,0.8,0.94,2.17027121353568,0.847498385368312,0.808727381751027,0.7,2.95416822196345
"440",1.30203509357065,0.114803930238402,0,0.178770934085825,0,0.908005323367292,0.271128020908224,0,0.411255561802804,0,4.41818624161404,0.9,0.908812842950153,0.270767035474671,0,0.462823640901623,0,4.41553855063098,0.9,-4.8,1.1569577958463,0.333544015517462,0.6,0.54,1.33047657258766,2.27107434297903,1.17723167842188,0.6,3.10654785101387
"282",0.720230236549888,0.212798860171986,0,0.262340356738413,0,-0.15967388225655,0.352719669953507,1,0.547621605935644,1,4.25455027067743,1,-0.15798606089372,0.352414757369554,1,0.524980340260399,1,4.24987287248337,1,-5,0.665567354705841,0.441370671621216,0.9,0.88,1.7491321822932,0.781291361508038,0.651928810788445,1,3.36152900838956
"479",1.0534661969059,0.344618087104217,0,0.342372648194064,0,0.0824906699405816,0.54327083474999,1,0.687295428268399,1,7.96278437314272,1,0.56863585997606,0.466810453280871,1,0.646230416477123,1,6.87347895982653,1,-3.2,0.865505559133012,0.603977498804021,1,0.98,2.30103248439678,0.857472641979043,0.828642393123309,0.9,3.64452480563524
"219",0.740845792376086,0.163837601044181,0,0.172885688935319,0,0.24131393557177,0.248782792564509,1,0.319982246720988,1,2.8804808993637,1,0.252856185229383,0.247419271494538,1,0.321271906161658,1,2.85591181612331,1,-3.6,0.604527337461429,0.424908559490786,0.9,0.92,1.60395706103037,2.09275938862922,0.651332932215881,0.9,2.68991740305817
"518",1.23234990375846,0.322009124032821,0,0.358502732320747,0,0.0483594463225518,0.461560969971546,1,1.53459384529183,1,5.16593202867944,1,0.0527988973692555,0.461032551973706,1,1.29056712508703,1,5.15576209432684,1,-5,1.06706709229978,0.490168094888592,1,0.98,1.95743073590132,3.78385270506036,1.1478095892489,1,3.78015970771504
"331",0.662788492043947,0.158974721535531,0,0.155622950963246,0,0.30135192132502,0.262128591740187,1,0.265080803504471,1,3.98611591339815,1,0.317073709150004,0.257608767347647,1,0.294169961248475,1,3.90318965565405,1,-3,0.613939231810042,0.378397173802348,0.9,0.84,1.49896603800621,0.290811315640755,0.610719914980276,0.8,2.87821242100743
"234",0.904758965377637,0.297610508188742,0,0.301406050717542,0,-0.478284480952969,0.546172554805374,1,0.615771978742065,1,5.11471095608609,1,-0.445553809226766,0.539938136158641,1,0.659608978615535,1,5.06832436664652,1,-4,0.812610786759915,0.336882969280499,0.9,0.82,1.269511013103,0.802182417073472,0.753922056712737,0.9,3.29860689702026
"420",0.7677525395523,0.183283057790997,0,0.149164689607155,0,-0.584691335843396,0.588697168533959,1,0.429527748690051,1,6.69436250171708,1,-0.511030653413355,0.576258688782986,1,0.431935723485996,1,6.51706231603589,1,-3.6,0.757282564948208,0.560015804997051,1,0.92,2.30221380199529,0.041864560239012,0.733023284768386,1,4.02430851394518
"80",1.08299018952424,0.231190667634848,0,0.256636288333648,0,0.39363574957773,0.378492397258974,1,0.475950356154119,1,4.95384115565789,1,0.612650413461366,0.345806685197152,1,0.535501023150825,1,4.12617520157655,0.9,-3,0.900436076777977,0.354900262726451,0.8,0.78,1.45014471804336,0.926319253871019,0.924217445515541,0.8,2.87362414879227
"378",1.01416708447259,0.197750363845811,0,0.145969623235842,0,0.126768937400307,0.289629042620752,1,0.156265634231639,1,3.3858613404686,1,0.200338747688241,0.284451698551456,1,0.19218157763854,1,3.25775095649864,0.9,-3.8,0.826506967553037,0.367440451857003,1,0.88,1.45852891184004,0.822760530139085,0.794299289617131,0.9,2.22784967264248
"45",0.545651432769048,0.175504727306026,0,0.176989562097655,0,0.343915900643792,0.204661423328835,1,0.255134999283907,1,2.3603617961286,0.8,0.424258953401652,0.196322766352856,0,0.2727065740513,1,2.33040981851395,0.8,-2.6,0.532671866904973,0.493348681174432,1,0.94,2.23935128419583,1.43186452990587,0.618641467198215,0.9,2.33647826883675
"97",1.19736765960306,0.266183160236437,0,0.283960214871548,0,0.253625503858423,0.443824187622478,1,0.453450975770979,1,4.29378345307625,0.8,0.38600152953038,0.416272375354441,1,0.376610449262492,1,4.13860179523055,0.9,-3,1.1482593634109,0.392600289048285,0.8,0.86,1.57607000286726,1.97493937598656,1.16723563428523,0.7,3.22061770197874
"504",0.666329714594172,0.228404493556666,0,0.231028523336701,0,-0.651533683214391,0.415733507973275,1,0.472350163856107,1,4.61716538193399,1,-0.642595264614774,0.414766050460477,1,0.425466701612702,1,4.60386190205371,1,-5,0.31380935158317,0.72769211039744,1,0.98,2.50239445532647,-0.242891004223067,0.230527785570351,1,2.96676453801896
"212",1.216300148186,0.186627578090336,0,0.190207697353036,0,-0.607152734452978,0.775931636549672,1,0.65446712395327,1,7.96322651639627,1,-0.258183593716943,0.654259628313029,1,0.513409941853739,1,7.33009246272053,1,-3,0.972590837283154,0.475494317605268,0.8,0.88,1.83620193238398,0.976393561477277,0.915286196679813,0.8,3.01935106801064
"268",0.581632775532973,0.205236669569125,0,0.242956951834547,0,-0.413076563312522,0.350634601695693,1,0.398824588112996,1,4.60252596317015,0.8,-0.292703345487833,0.341682223089818,1,0.40059548260227,1,4.36659918831683,0.8,-3.4,0.675735346896305,0.508656451499313,0.7,0.9,2.17737212856786,0.709205265436318,0.675053486579551,0.9,2.9547542110737
"110",1.17985558850455,0.229177815266049,0,0.186246785720026,0,0.210444437314592,0.296135479483739,1,0.415518002756373,1,4.0696896023328,1,0.506883130935567,0.267578346806658,1,0.456865657987942,1,3.65765059159498,1,-3,0.741122522866276,0.452625070948412,0.8,0.72,1.76997596165926,0.779148983527103,0.753399132491999,1,2.7601360201796
"286",0.920663810904696,0.186068725809972,0,0.194603118778365,0,0.555880355930989,0.25120511927639,0,0.295297964240883,1,3.87991218851489,0.9,0.556359201725163,0.25113703544131,0,0.329646316393509,1,3.87898469411656,0.9,-5,0.953873527362131,0.418090847315931,0.8,0.84,1.76011074501484,1.71168238076962,0.955278774442803,0.8,2.50777807135108
"425",0.692993139181292,0.406709041579593,1,0.467847921892246,1,-0.696533819697012,0.508174996125989,1,0.580798776694765,1,4.54929756811393,1,-0.44403592192408,0.425225823714007,1,0.58231660891424,1,4.09181125613787,1,-3,0.451024394482158,0.560660549580879,0.9,0.92,1.97997542145029,0.425748666544544,0.421051347083951,0.9,2.73348868681827
"116",1.01669622740287,0.200454212912536,0,0.179628300415419,0,0.428984492694553,0.262448307122528,1,0.261962929204434,1,3.51950477445801,1,0.59183047869047,0.24707832612466,0,0.262335462554934,0,3.25373615886644,0.9,-2.8,0.961986500478119,0.347941932019017,1,0.82,1.47263999861515,1.93708609146236,0.983185148422503,0.6,2.67699050484802
"151",1.11943867392048,0.198265221405497,0,0.231155651944939,0,0.171522649545284,0.359292727040366,1,0.636922502704121,1,4.30301114362282,1,0.185380082645803,0.357977621883353,1,0.609270706692354,1,4.29019507339018,1,-3.8,0.818861725499324,0.34410174867216,0.7,0.62,1.25948922420855,0.863955749951001,0.840907816526497,1,4.31144178914702
"106",1.01909036596408,0.16449506925292,0,0.184324492144118,0,0.579330709647846,0.228084495731032,0,0.27661454752452,0,3.63880973705237,0.9,0.686505179721738,0.219806114328407,0,0.289046763373046,0,3.49305450146562,0.9,-2.8,1.00344860854087,0.4278074210402,0.7,0.86,1.72837583934649,1.22497131740193,1.00950211816443,0.1,1.93339958920596
"273",0.803761727896596,0.16006214152856,0,0.176016456270637,0,0.164633235989061,0.283387280544052,1,0.550749178900095,1,4.07796879381973,1,0.299657911179281,0.258803040290526,1,0.463423317762711,1,3.84300769186001,1,-2.6,0.602631465537398,0.316846632656334,0.7,0.66,1.36904564983102,0.621327157408123,0.601229772894803,1,3.12290688996459
"370",0.76412351283827,0.283130909428739,0,0.278664905626821,0,-0.283925261732679,0.343193200217391,1,0.439155093442968,1,5.56012060485122,1,-0.186575648791138,0.323813716915806,1,0.366771870112099,1,5.21684137954546,1,-3.4,0.644812183327357,0.359343140817066,0.7,0.68,1.51359041999063,2.35772764917532,0.804079933899534,0.5,2.41342722755259
"174",0.637144735938432,0.160185282669588,0,0.145501663644693,0,-1.47430582187999,1.54146761848906,1,1.10909873229543,1,11.6660767893387,0.9,-1.29700538838179,1.44444559214674,1,0.543333475233238,0,10.4684458840266,0.9,-3.8,0.670300101362244,0.305963045170529,0.8,0.64,1.09915747864072,2.53754983107293,0.720956926375443,1,3.64010490334396
"415",1.091543611088,0.221002020188959,0,0.213226632665158,0,0.207623049765882,0.39705140962075,1,0.401382742416769,1,4.87249335199579,1,0.228566225725484,0.391252008367101,1,0.409339137880267,1,4.77855248649827,1,-3.2,0.911097732429347,0.515346703857065,0.8,0.92,1.91913411298218,1.95873088221718,0.930287628355396,0.9,3.17969147499234
"394",0.887549513518532,0.249303723904645,0,0.276820893591319,0,0.485977118512299,0.342478555925226,1,0.428165720310573,1,4.10858865292455,0.9,0.486680385213456,0.342305904421402,1,0.445837448245312,1,4.10800821867049,0.9,-5,0.790013001060157,0.392399482951619,0.8,0.78,1.72251227571183,1.29987869324091,0.759743141532102,0.6,2.30685297157251
"30",0.849322887695876,0.252318797620635,0,0.247182348366284,0,-0.066701573256577,0.354342990752838,1,0.845682834129606,1,6.56876033448284,0.9,-0.064263572718319,0.353872737033148,1,0.87861412449392,1,6.55718589611467,0.9,-5,0.773936362612259,0.449291064555408,1,0.92,1.70339072607109,0.86550963745891,0.86232832566427,0.8,3.56230632456103
"424",1.0341289342644,0.200821204927154,0,0.179574021154467,0,0.43837425576249,0.333159837258464,1,0.775411117548904,1,4.11311680313847,1,0.438582550379772,0.333003711784166,1,0.606627605883993,1,4.11085355591453,1,-5,1.06877729329031,0.550046326550097,1,0.96,2.19867313279552,1.15376303548459,1.0814569465767,0.9,3.87694377887025
"399",0.961103913112869,0.215383612160606,0,0.236899143662668,0,0.109239812119549,0.322788561534159,1,0.359405292841044,1,3.98550250788219,0.9,0.112200885833356,0.322116588545961,1,0.389593647091895,1,3.97992254156441,0.9,-5,0.958879592585515,0.502883422504474,0.9,0.92,2.00089416271853,0.964229424378077,0.908959765238994,0.7,2.56159004494404
"261",0.974107758898074,0.249556193875147,0,0.242160655756217,0,-0.0432804623819543,0.443253299089986,1,0.68755704097689,1,3.85513142749304,1,-0.0402798439909398,0.442769929268768,1,0.714469815709201,1,3.84981849207253,1,-5,0.74753562785537,0.684322936079844,0.9,0.96,2.75129147199697,1.47982898240462,0.751422439999953,0.9,2.38964689178802
"118",0.663064104925497,0.192471357302159,0,0.185588379319779,0,-0.430105232909856,0.318815451690774,1,0.43489760085221,1,4.22112562633619,1,-0.42729946420314,0.318430445768843,1,0.432020080002986,1,4.21572776697083,1,-5,0.589700810951883,0.440347141664684,1,0.94,1.96338272174049,0.560590836128143,0.527732444981493,1,2.86858338278656
"217",1.19884556152915,0.207102379266841,0,0.244655163533326,0,-0.0364299458385493,0.432276541025481,1,0.720331741258414,1,7.27114949392363,1,-0.0337519791264795,0.431465954356992,1,0.613227186090915,1,7.25370596976381,1,-5,0.980376157079516,0.385849989267379,0.7,0.74,1.535542417376,0.927040087931228,0.818365574312999,0.8,3.63807724628255
"22",0.866231982543768,0.208489256869112,0,0.271177880682595,0,0.432489655855735,0.312008288510018,1,0.685479688614818,1,5.37610789146106,0.9,0.555095872059194,0.294540334048176,1,0.733757202668257,1,5.1251400196183,0.9,-3,0.845854214530859,0.336048401815867,0.8,0.84,1.32064117147079,2.86299645363481,0.798394776832108,0.9,3.71536792887171
"121",0.863313159878185,0.196159596320637,0,0.172849017639413,0,-0.242601974934903,0.462665100956588,1,0.345597033119122,1,4.97862592066861,1,-0.0702573612605213,0.409775899137079,1,0.329778445240676,1,4.40465178191686,1,-3,0.531291408837983,0.658730088027281,1,1,2.65152042074973,1.29823899618854,0.406916918950378,0.9,3.17932204349738
"349",1.10416175472002,0.233660666357224,0,0.245773381209949,0,0.63633751686669,0.302242440971396,0,0.603577269902431,1,5.89916367407865,1,0.638017272315741,0.302039589691422,0,0.573368228635923,1,5.89623536113572,1,-5,0.883004497059139,0.508543366417777,1,0.98,2.00382143105684,1.5439485619502,0.903199022738982,1,4.24390594126856
"457",0.577140026149554,0.195410750426281,0,0.238582416306981,0,-0.0391987934544344,0.326852543938485,1,0.440938159356346,1,3.83783492277337,1,-0.0384748770668111,0.326702012514919,1,0.519449759424163,1,3.83612271720702,1,-5,0.533293000506883,0.661236728342847,1,0.98,2.44559630704612,-0.394109088667076,0.497158852155906,0.9,2.99563538968469
"462",1.01045794143063,0.266288138269353,0,0.255323366839078,0,-0.0480653954220829,0.474718947729744,1,0.524181840676465,1,4.76253389685618,1,-0.00446718836615601,0.46424447128654,1,0.500160289776605,1,4.69271911202247,1,-3.8,0.904554959701904,0.557492927593223,0.8,0.88,2.08688066875691,1.08254698351175,0.910975673862516,0.9,3.54642289247517
"490",1.13277659921732,0.212225291053563,0,0.228153358478134,0,0.49075550722359,0.28596531620376,1,0.330887721265618,1,3.74656808720516,1,0.491582806240072,0.285856138892879,1,0.362630845611543,1,3.74569890992656,1,-5,0.929836799761572,0.417277865275465,0.9,0.9,1.76503406976049,1.48418087958021,0.89615692251899,0.8,2.74682311338606
"330",0.819868940389085,0.176620490017688,0,0.139747478758544,0,0.362267697061883,0.27628468239069,1,0.432283765890245,1,3.57065926389682,0.9,0.404889003480468,0.269118739364079,1,0.408425276384208,1,3.4640361677807,0.9,-3.2,0.677128640564848,0.444334477137999,0.8,0.92,1.74325921341182,1.41226495706034,0.670127686817572,0.8,3.02642094253716
"483",0.986977453239399,0.218172910928855,0,0.269409825104605,0,0.145412394430896,0.408258046139259,1,0.453052846033652,1,4.80253965649697,1,0.147463717197739,0.407747747343037,1,0.436864706730076,1,4.79728628171623,1,-5,0.991271812080965,0.270740857336106,0.7,0.76,0.887484420056551,1.81988651209395,1.00810342186415,0.9,2.84967776509292
"207",1.04217760436454,0.305862354221329,0,0.29664522637807,0,0.78095511601733,0.281068022667252,0,0.456337511491872,1,3.85812994723767,0.9,0.781992020697244,0.281007068761058,0,0.470625981125829,1,3.85482786268658,0.9,-5,1.11278211534063,0.622062494478288,1,0.88,2.6626426791446,-0.0369932697067812,1.11260238380384,0.7,3.07854919525617
"329",0.595828219565389,0.189519901095104,0,0.244911397986562,0,0.230725454270223,0.379923536092961,1,0.389966680309878,1,4.41492216830999,1,0.230859366930417,0.379481224132404,1,0.393442890146345,1,4.41196889511054,1,-5,0.506849782047363,0.604983671826,1,0.96,2.60700780690568,0.463293631454162,0.475462947939755,1,3.39794755125281
"187",1.09362328735828,0.243153785961662,0,0.258942813468228,0,-0.406944094927962,0.718261438093445,1,0.551824703445574,1,7.42867150178389,1,-0.302024637625655,0.710452916967394,1,0.661196950903895,1,7.25561436270932,1,-3.8,0.904922705131647,0.691167952359248,1,0.96,2.97852153902771,2.90111864088242,0.991142896432658,0.8,3.68067051000574
"508",0.441611748112401,0.238639691684398,1,0.240358436313565,1,-0.762265326016084,0.377606697530562,0,0.509445679538041,1,5.49349101616003,0.8,-0.7602864503127,0.377246700064127,0,0.459445634895943,1,5.48664752856929,0.8,-5,0.567415326964404,0.537648802630722,0.9,0.94,1.92126131277392,0.561772586057216,0.561336391358248,0.9,3.27221210132515
"91",1.57425565949274,0.317493627324973,0,0.356096839612918,0,0.213213447089583,0.691955026935578,1,0.998260165543366,1,6.49549006278877,1,0.600803731816359,0.52738528251628,1,0.883153557754666,1,5.00765115835529,1,-3.6,1.12886816366569,0.771329912908473,1,1,3.18492522869783,1.12888480710196,1.02704394761653,0.9,3.96126432232144
"459",0.996735831562352,0.23619317895138,0,0.230931065758826,0,0.250688943109747,0.37292462243375,1,0.422177924892102,1,3.85336879255873,0.9,0.334166627849453,0.361490051412616,1,0.374724629720193,1,3.71863592277977,0.9,-3,1.0901684715263,0.435604342473356,1,0.96,1.70782054837357,1.01596080472802,0.97429461280005,0.7,3.34729235828198
"132",0.951313003770495,0.17407968332951,0,0.169186440136467,0,0.642249099898971,0.208745750444709,0,0.340936393171207,1,2.33450509505191,0.8,0.695604231662528,0.206387726563063,0,0.400228487568703,1,2.35722394479325,0.8,-3.2,0.876301254750223,0.303953976112798,0.7,0.6,1.20215848870044,1.34093852297261,0.883335955324027,0.4,1.73501157621045
"310",0.757346901027676,0.197345925325369,0,0.243991659304409,0,0.150012164094765,0.264074091557673,1,0.617705250603872,1,3.75850689312718,1,0.188312261527807,0.25804524947897,1,0.555555446897691,1,3.69016860815255,1,-3.2,0.756016783612894,0.514019375086383,1,0.96,1.70829326401881,0.725200007504486,0.714641118375527,1,2.99741013165955
"46",1.02429702372907,0.212545758767356,0,0.269035240773975,0,0.305002798228104,0.3845083661182,1,0.914654231171021,1,3.63707287852434,0.9,0.306841872740921,0.384150735372365,1,0.860383252295796,1,3.6318901167582,0.9,-5,0.919141970497389,0.483528554909519,0.7,0.82,1.85400808037575,1.39867688861683,0.87302005019423,0.7,2.54504222441855
"183",1.18318820268433,0.220302702258338,0,0.23485352955419,0,0.111940847840184,0.523214959244657,1,0.699662318141894,1,5.31174016840392,0.9,0.183256539302685,0.502605779240245,1,0.537042839681053,1,5.21963477739297,0.9,-3.4,0.970622928375152,0.583404018537708,0.7,0.84,2.08307806859822,2.40629113162314,0.984685753370938,0.8,3.13421024688335
"375",0.862372967229138,0.202317581502403,0,0.239162776346623,0,0.20428592735612,0.260135378833109,1,0.534821286708798,1,3.56814223090716,1,0.206166115642401,0.259946345265012,1,0.486376629181847,1,3.56487522539452,1,-5,0.838813331021413,0.335260013713972,0.6,0.56,1.32236698009419,1.78593907259786,0.89613266512113,0.6,2.31569146647381
"313",1.33135660971111,0.239401981989083,0,0.260425210165662,0,0.555307985218925,0.403100304885543,1,1.2858415493981,1,6.08103992183468,1,0.752668854964733,0.369365024170798,0,1.04922565289411,1,5.05697068588441,1,-3,1.126249450867,0.483216680966428,0.9,0.92,1.7260451457431,2.45386475041998,1.20862348052275,0.9,3.96024764513571
"211",0.567370104409658,0.240660188336343,0,0.216886684625815,0,-0.525961604205663,0.583163973412852,1,0.582456724530218,1,6.19410740788363,0.9,-0.0348463088474213,0.53112705881131,1,0.508562841994663,1,5.0678862945118,1,-2.8,0.620269718494999,0.489568446371175,1,0.94,2.04485335247593,0.701377889001131,0.672242308997756,0.8,2.82505411898122
"39",0.930446997017082,0.228974399374232,0,0.243170049188726,0,-0.144991218027998,0.518070341498977,1,0.529576333122681,1,5.93164032229815,0.9,-0.141888707418409,0.517108567507466,1,0.470344437849495,1,5.92295162011836,0.9,-5,0.974966960328916,0.542298149348662,0.9,0.94,2.06391724707142,3.204195933847,1.0445589941106,0.6,2.97685942816427
"119",0.776456567891256,0.199392348513945,0,0.199121282289443,0,0.0507580455771377,0.32331995457416,1,0.515160817572861,1,4.40018425709909,1,0.451695992036627,0.277700918858821,1,0.389780435032593,1,3.64785278832601,1,-2.6,0.719833276238311,0.529735714744732,1,0.86,2.19495780062969,0.717993415076625,0.622902974036278,0.9,2.78745726974672
"275",0.742315551790992,0.223748405435864,0,0.221928211805149,0,0.0904258148594144,0.427603779402981,1,0.526639609786703,1,4.71423298756234,0.9,0.253996018687824,0.389966810199379,1,0.473942975745854,1,4.49752699909702,0.9,-3,0.904918934642874,0.502251260157079,0.9,0.92,1.86091151113795,2.34144637390347,0.902033269371268,0.9,2.83836730763979
"37",0.658704159660039,0.218720615865224,0,0.203317223128416,0,-0.158472274300861,0.388127011041185,1,0.702109175937268,1,4.00223272763708,0.8,0.099149684930397,0.358898585408525,1,0.476225889265986,1,3.7790493968958,0.8,-2.6,0.750812423184874,0.49651415349902,0.9,0.9,1.99163369983223,0.771235386108042,0.735730385348932,0.9,3.35848483700868
"200",0.768493671863902,0.256894942205252,0,0.302345128153931,0,-0.0579573193282479,0.3958228202093,1,0.428083541402801,1,3.28627422726349,1,-0.0553274764568412,0.39563328094033,1,0.35720966429696,1,3.28564916491966,1,-5,0.773704876669893,0.617814586281128,1,0.94,2.28527928803173,0.800784059131467,0.746283551652768,0.9,2.72386757107643
"193",0.506052204547942,0.17717425672288,0,0.171392834120354,0,0.1693403978596,0.254471447372154,1,0.26844057338115,1,4.38203327943399,1,0.163695870870971,0.237749897635193,1,0.371978997484795,1,4.24430509396859,1,-3,0.385219190919189,0.506124766727489,1,0.98,1.92804015076717,0.356689024736985,0.364556743305249,1,3.1934252224807
"87",0.985364098660855,0.248786600125179,0,0.272203843771397,0,0.531600048507763,0.321909818680763,1,0.413500900120614,1,3.57712981075772,0.9,0.532411376677377,0.321846513243193,1,0.370037078495123,1,3.57805383869305,0.9,-5,0.964644271070128,0.493035021322784,1,1,2.09324318784399,0.96731835062978,0.963815568433669,0.7,3.04317652253388
"6",0.750280955313485,0.209033003789772,0,0.196287051407797,0,0.169024272692776,0.29420470892171,1,0.247113408117765,1,3.03934267777746,0.8,0.234205013718804,0.288452274066964,1,0.256333388653117,1,2.97486863962182,0.8,-3.2,0.787943683599774,0.367359456266648,0.4,0.66,1.41616205060512,0.783019486116254,0.806504104673,0.5,2.37285512546874
"278",0.927821812699608,0.157375374476695,0,0.157829070203651,0,0.503035077220465,0.21858865621294,0,0.224309283458304,0,2.98795915707712,1,0.728926794533635,0.193979068170484,0,0.239169588107767,0,2.65226800693385,0.9,-2.8,0.908314367311542,0.42374806505025,0.8,0.76,1.6562764533944,0.827155773616914,0.820043026002146,0.5,1.8637879376136
"112",0.956128329027059,0.248185957831478,0,0.257928815394646,0,0.180307239740009,0.399646892414232,1,0.367609985877895,1,3.99228644938264,1,0.186127934099451,0.39964872204611,1,0.349995940482774,1,3.98171558568435,1,-4.4,0.821030380144748,0.421198931609489,1,0.8,2.00142136994763,0.822160903958134,0.797352053284626,0.8,2.65195771889186
"488",1.04193620219253,0.211748170159847,0,0.211874586945673,0,-0.245106539264609,0.667028469522215,1,0.62343441379111,1,6.27964096148491,1,-0.183834077894528,0.633139180475653,1,0.574802711808566,1,6.24376784795213,1,-3.4,0.881164049202155,0.399859794007062,0.9,0.84,1.59924941265493,0.86994100538159,0.856828995157767,1,3.44620995811607
"384",0.587955250267328,0.234357211746718,0,0.272472409515817,0,-0.19809163490299,0.368001744605193,1,0.550850701866531,1,4.8320898506829,1,0.14690100657639,0.339899156685007,1,0.511454697226867,1,4.2443920930047,0.9,-2.8,0.664691479304329,0.279935563148591,0.7,0.72,1.10800961149682,1.768261734292,0.717200455241731,0.6,2.33872984952743
"357",0.838089489981853,0.181329316533548,0,0.163014758400728,0,0.208246341468271,0.278979437363367,1,0.325261181667823,1,4.80080445021444,1,0.208793986766992,0.278870333571176,1,0.328577705584786,1,4.79978153783189,1,-5,0.780381426190894,0.514741372004706,0.9,0.94,2.04078878059623,1.93295383163817,0.726715087844897,1,4.20875102972556
"482",0.737123547971788,0.285315867058167,0,0.307674494442279,0,0.25066241908447,0.300960207364706,1,0.643172094546003,1,3.34136866854764,1,0.284038702191879,0.300736417246028,1,0.604045995232018,1,3.26484104291158,1,-3.6,0.92894203610087,0.454079194440722,0.8,0.9,1.58114431657304,1.04436593487084,0.917331009466584,0.7,2.59845828218726
"149",1.14341005279987,0.268265120182383,0,0.328005111105159,0,0.211230639280178,0.420939495489375,1,0.553025233887566,1,4.33038143168585,1,0.215121407457333,0.420419791296948,1,0.579300672839635,1,4.32866790941596,1,-5,1.14193220053705,0.674560286049581,1,0.98,2.57374688980998,1.14402714387624,0.994121210670064,0.9,3.00595359481025
"434",0.437881219381046,0.264687115741195,1,0.215443581668534,0,-0.237222357657144,0.390198566081938,1,0.321917966626129,1,4.53334513353807,1,-0.140333328662127,0.390366543553462,1,0.318322261477636,1,4.37386581970995,1,-3.6,0.26712468553174,0.392713162607484,0.8,0.8,1.52889025152137,-0.566331288317276,-0.963722478907445,0.9,4.846007882204
"515",1.18245096834802,0.2581582106166,0,0.294000784221788,0,0.744423632959883,0.256173658415681,0,0.359288102844316,0,3.66270604863894,1,0.834756489295699,0.258759875706849,0,0.412536035777256,0,3.49112133702202,0.9,-3,0.970793543015319,0.421503311676196,0.8,0.84,1.75259980668823,1.86491288025139,0.983618001071595,0.8,2.85895189115953
"390",0.805223042584468,0.227288973025902,0,0.251419242806804,0,0.152294226720132,0.299110831168858,1,0.531967541131667,1,4.1431023337113,0.9,0.153372581509102,0.299076024836706,1,0.570429525476942,1,4.14344498214898,0.9,-5,0.759295195225719,0.472755340946692,0.8,0.8,2.12544786052853,0.750032423983557,0.664594230176317,0.8,2.93366449538286
"126",0.72619442247276,0.321351686946388,0,0.362410212261283,0,-1.66477591013002,0.837039911501157,0,0.954813317078649,1,9.09603334499857,1,-1.65894137063481,0.83584934162652,0,0.952700558850657,1,9.08938522322883,1,-5,0.681486748297963,0.46863042643466,1,0.98,1.82550799213944,1.7827456751477,0.68079871910994,1,4.35127267021998
"437",0.420063479554934,0.276628237769316,1,0.289437545190694,1,-0.413971350723787,0.471506296342597,1,0.499284950567372,1,4.63223405732933,1,-0.411414981587355,0.471231700454807,1,0.502501521619951,1,4.62844786736768,1,-5,0.583844838271527,0.425440248351881,1,0.88,1.83240769167254,2.85079080257016,0.615728967452897,0.9,2.82095023092162
"444",0.961645209728973,0.201062227076086,0,0.232061985710981,0,0.195878129169152,0.393732240612288,1,0.525900643449396,1,4.58078224923299,0.9,0.296418587882139,0.370700317788245,1,0.595965554379172,1,4.38235663417953,0.9,-3,0.97898012082579,0.479650607126748,1,0.92,1.9816999236436,2.55826323828437,0.991387697629157,1,3.48741117123381
"100",0.75129584237304,0.294535674210402,0,0.235207379205654,0,0.210652728314863,0.269143054871827,1,0.418386727290919,1,4.65547486143943,1,0.373134360578327,0.279959107855001,1,0.445464786729032,1,4.02452115148819,1,-3.2,0.786640787239139,0.746253560838461,0.9,0.98,2.78172056023809,0.787526773227972,0.787042834262733,1,3.09422278013458
"77",1.27297962766492,0.175759160617927,0,0.218434658805743,0,0.484407878111288,0.293382871491965,1,0.429135146467405,1,3.26099638452888,1,0.486460432185613,0.292890612125565,1,0.392282921455442,1,3.26408431478811,1,-5,0.713224642594287,0.607711544980059,0.9,0.96,2.13174113420376,0.698534463897659,0.665195060729319,1,3.5001728134824
"133",1.00744712047856,0.258793659944949,0,0.273115847821484,0,-0.253082163900854,0.434024836900613,1,0.664600847952314,1,5.92217927824202,1,-0.249383205538204,0.433368867153206,1,0.719803987943289,1,5.9118843027165,1,-5,0.711757079654315,0.390920578642195,1,0.94,1.49243216227523,2.26356628373403,0.735793947381622,0.9,3.62272187555805
"358",1.1878964928113,0.283969393464846,0,0.299354245623102,0,0.181299112795004,0.61249634689878,1,0.550922743769925,1,5.16446342679625,1,0.522581345953459,0.516433993959594,1,0.490899050758572,1,4.57071910253286,1,-3,1.09397543037719,0.528774590047259,1,0.88,2.17830383741298,1.07632115728448,1.071128373623,0.7,2.4923055650051
"427",0.71922473250857,0.269172896995964,0,0.327642374392094,0,0.0691584401541134,0.367164957725338,1,0.816485192912982,1,4.20937657920151,1,0.102933432162504,0.361994955252446,1,0.807936282007507,1,4.24684964256797,1,-3.8,0.767415636877967,0.786235892838391,1,1,2.89815384959653,2.46342359711927,0.89935772374371,0.9,3.45102980328061
"473",1.00201292557829,0.175995139399565,0,0.190397301389166,0,-0.437698066185756,0.592736655830426,1,0.604538573810892,1,6.00790761156944,1,-0.0947744748360022,0.50588354752934,1,0.497462065905311,1,5.3825755804402,1,-2.8,0.568424497394065,0.334175702822793,0.3,0.7,1.24385875329574,0.565802384144473,0.56016861389682,0.9,3.41285743513916
"393",0.707260161511338,0.227317590569695,0,0.316936018864996,0,0.140194119748189,0.38926161574746,1,0.38772491129525,1,4.52243857920169,0.9,0.142557687015606,0.373392080450753,1,0.399569607028999,1,4.22650249986555,0.9,-2.8,0.705521168627339,0.483719568093151,0.8,0.96,1.90362979133474,2.03356463100853,0.671226708556599,1,3.28062214712816
"159",0.766332050691799,0.285599010055187,0,0.348081691329457,0,-0.721397107470487,0.577781098839983,1,0.822656596236429,1,5.28429688668438,1,-0.716823103274666,0.577092965861073,1,0.815128596795713,1,5.28088552695594,1,-5,0.840340949148522,0.658142407402755,1,0.96,2.23731081900771,2.23631179095825,0.837895890950298,1,3.37592887941406
"43",0.943448270747462,0.253569202281639,0,0.225584214164954,0,-0.148590084618098,0.550930421366739,1,0.501960173048461,1,5.76209400132751,1,0.0524790034067282,0.49846241313287,1,0.542296257780208,1,5.29547754203745,1,-3.2,0.755316854406236,0.455688509450904,0.6,0.74,1.75953824959692,2.77210086411059,0.822699323396408,1,4.11133563073927
"250",0.759418329705894,0.195915129982331,0,0.157115818633586,0,0.23533790314493,0.278291526065876,1,0.409312581903034,1,3.37453870620131,1,0.24680613189496,0.276160038093213,1,0.41337697554563,1,3.35461877414371,1,-4,1.02403562865704,0.358103692190125,0.7,0.62,1.39549616273046,1.01841984774076,1.00888306080153,0.8,3.01784578214818
"263",1.25273245180741,0.229411079293447,0,0.206618118920795,0,0.409009836983962,0.372428578122045,1,0.72429129637052,1,5.43225004013641,1,0.594371124551346,0.339376948174852,1,0.505141245587112,1,5.04288448197043,1,-2.8,1.18781467906534,0.507402634680439,0.9,0.92,1.98962227273746,2.3012269877574,1.18346795806228,0.9,3.6633019457158
"512",0.695349575035964,0.221394603054202,0,0.237287036910455,0,-0.493519757007935,0.55409398851195,1,0.627747265627385,1,5.19195530813359,0.9,-0.135436293481113,0.505515187740447,1,0.512570437077012,1,4.60763755670983,0.9,-3,0.671682474135144,0.373883384399844,1,0.98,1.57596330847147,0.65337370946772,0.63626411613288,1,3.25930573887503
"192",0.973864015345724,0.16836785504725,0,0.207075919969213,0,0.310260743234349,0.353171114296272,1,0.340625843060198,1,4.02675086540418,0.9,0.311752789609975,0.352290722804108,1,0.382116679038861,1,4.02406064028976,0.9,-5,0.808310053708516,0.549871546283529,1,0.96,2.12296870904935,1.45843250598665,0.928362844876596,0.8,3.93285747553846
"392",1.29627252993036,0.273075311172573,0,0.255849472038729,0,0.466057833372172,0.415710083380828,1,0.575433121929071,1,6.17905918327899,1,0.46693177543895,0.415528913842786,1,0.551632742109793,1,6.17735191718335,1,-5,1.04941133892555,0.389246112089306,0.9,0.8,1.46604131950201,1.67462114209224,1.03709392260458,0.9,3.75184742813686
"236",0.824533808805064,0.211091059209815,0,0.18889506332941,0,0.215317367005087,0.314387176504229,1,0.393336345896341,1,4.94632730732874,0.9,0.298692440232692,0.302085568977916,1,0.404053407119957,1,4.75758996618621,0.9,-2.8,0.772545371991366,0.490222642630025,1,0.98,1.88347038979123,1.53162061849359,0.836616474142655,0.6,3.0966211529364
"485",1.04130609361894,0.160763563826033,0,0.188421907876489,0,0.199088799028614,0.531053050118189,1,0.420495514716374,1,5.54061720748358,1,0.233245417373526,0.504514305754651,1,0.346159353113271,1,5.28471636745178,0.9,-3.8,0.883110505304045,0.449869124291818,0.8,0.84,1.65615456499349,2.74250950276036,0.892536204630229,0.7,3.12918266653212
"376",0.234892931689355,0.177686210785833,1,0.189420711092993,1,-0.584960519065582,0.370014210952509,1,0.568565828717809,1,3.75562285956381,1,-0.58394372970397,0.369869989007838,1,0.568396042385811,1,3.75450410530198,1,-5,0.107201743338804,0.462199098348294,0.8,0.86,1.66380579121854,-0.305945891132062,0.0403223162745889,1,4.18886141487778
"514",1.27884693899577,0.229502347180251,0,0.243900818593696,0,-0.269291984198505,1.02397318907363,1,0.877336631727612,1,6.943636281801,1,-0.0803988288626476,0.958990919589047,1,0.93448731013748,1,6.40348497399821,1,-3.4,1.04358828735754,0.500130397474228,0.9,0.94,1.60131023394457,2.6950896438787,1.82793027173564,0.6,4.95282191834823
"260",1.36242009630805,0.218961790967415,0,0.22330403985468,0,1.21232013724851,0.22132626055595,0,0.461259185769602,0,3.31350038867128,0.8,1.2126600459067,0.221319947860641,0,0.50461539518972,0,3.31298442009936,0.8,-5,1.3684108558918,0.51276693771747,0.8,0.76,2.1819981061753,2.67415724563061,1.43640645250464,0.5,2.39967092967433
"2",0.99646109330244,0.367667236765907,0,0.318876750993208,0,-3.32042628382314,3.31753036237444,1,0.909549764961161,0,14.0537651349514,1,-2.55197975494368,2.90634116596787,1,0.944390672329059,0,12.1022896849044,1,-3.8,0.737321171559679,0.515149777374838,0.9,0.92,2.18061559608386,2.35854914094537,0.766599383985942,1,4.37525268498644
"363",1.11350548766443,0.181716521323165,0,0.182000077058354,0,0.687772957900807,0.180265586790663,0,0.268956113657244,0,3.01293448720349,0.8,0.689055847626651,0.180220819458844,0,0.299692754153026,0,3.01102690421377,0.8,-5,0.949932331390694,0.279287307086701,0.3,0.44,1.12952927291774,1.03125327414853,0.947425866634851,0.7,2.37080835976158
"99",1.12472433424762,0.216649665692586,0,0.209837239811427,0,-0.0783579632061122,0.497331643122984,1,0.557116756536794,1,5.88079361534533,1,0.0826330934595783,0.453650713546819,1,0.504271081703909,1,5.45341918737966,1,-3.4,0.901297008366812,0.511604531974172,0.8,0.9,1.80414089495131,0.862629297697492,0.851078284634818,0.7,2.87525093557457
"500",0.390339365215254,0.197898464435614,0,0.213256437440363,1,-0.373070393722439,0.31590827442341,1,0.445318553697386,1,3.79023590693261,1,-0.302337441843125,0.308944880762751,1,0.391153629957912,1,3.57899810205128,1,-3.4,0.366292417094919,0.341119949714738,0.7,0.74,1.31000056235054,0.363111858794398,0.219876412170078,0.8,2.15265780621283
"447",0.651060970433253,0.264124916788657,0,0.30512299051043,0,0.155975277305175,0.48992450223404,1,0.71713595922002,1,5.91523722187537,0.8,0.151031959189786,0.462813146477048,1,0.757221759982555,1,5.70191313170568,0.8,-3.4,0.712544867320684,0.521251036076303,0.9,0.92,2.03256863249756,0.810585883128495,0.78989319812545,1,3.51059010124133
"476",0.784463027679712,0.333544882149233,0,0.31879320011029,0,-1.69720825364899,0.953299892274289,1,1.24309738756574,1,6.48126483008331,0.8,-1.68727491791692,0.949201466599083,1,1.23571283636079,1,6.47043940370303,0.8,-5,0.557831100095088,0.367619498955607,1,0.88,1.4203986167171,1.0737478934507,0.489215865094227,0.9,2.98485321038555
"266",0.407330799559534,0.385502736642285,1,0.332838780088613,1,-0.765866936746247,0.532312263968057,1,0.545653764031889,1,6.25519328029536,1,-0.756249246371612,0.531871243214965,1,0.579375076314596,1,6.23154407096809,1,-4.4,0.396741044919397,0.578247264886193,1,0.96,2.22738742373979,1.20412610343096,0.404925444969376,0.9,3.61171101418275
"284",0.808036207775393,0.227805436581797,0,0.197579230234041,0,0.158625816097736,0.416770896001579,1,0.472644920583212,1,4.7787327761073,0.9,0.228694834779503,0.397137961025317,1,0.461385657419778,1,4.55940105977821,0.8,-3.4,0.737865064186018,0.361169360517771,0.8,0.86,1.50234977786827,1.06464587643147,0.741044806173787,0.9,2.76851779335712
"244",1.04132033943091,0.18596079760476,0,0.178957286347807,0,0.622201584447864,0.251967209792616,0,0.348557700090505,1,3.55471816015559,0.9,0.623292862689449,0.25185925631282,0,0.370203730418871,1,3.55322255908127,0.9,-5,1.18436085534044,0.588576003257734,0.9,0.94,2.17869349028488,2.45745256418433,1.47871584712299,0.4,2.7518450589372
"222",0.979345120424802,0.221172741329344,0,0.26280185958045,0,0.132346890275775,0.345019881004857,1,0.523817474185381,1,3.99020870202238,0.9,0.334146010423449,0.335879713580118,1,0.429968823727187,1,3.53433359404122,0.9,-3,0.771736960629749,0.566998757616602,0.8,0.94,2.20813467652292,1.7268191384816,0.782794769229602,0.6,2.91199415210767
"19",0.925103637354341,0.182097113129529,0,0.211771780513205,0,0.1160578999722,0.23729451229368,1,0.592386844826215,1,4.00000617752377,1,0.130958464121347,0.234609759367812,1,0.591386935443586,1,3.95041393586819,1,-4,0.614320567797148,0.360285922010178,0.8,0.86,1.38381431384734,1.32247345349857,0.623434484398095,1,2.98665989687352
"511",1.18902717026454,0.235256238795507,0,0.237777766343236,0,0.789851045738501,0.38758693027772,0,0.596022142247981,1,4.46921477433768,0.9,0.788746355733042,0.386959181383386,0,0.662590851987975,1,4.46478111992561,0.9,-5,1.180462070691,0.763172700217581,0.9,0.96,2.89314345124084,1.41699681518981,1.19660467287506,0.8,3.27356737762867
"135",0.904016564093065,0.258028578328562,0,0.270350063548854,0,0.0744551831066369,0.36959850408591,1,0.476723072117575,1,4.99013010775728,1,0.0766568254418183,0.369180974336458,1,0.499824543246995,1,4.98447460882255,1,-5,1.07421353509076,0.520174609230197,0.9,0.96,1.9687021701736,1.05496372050451,0.956269094802655,1,2.91643930295834
"180",1.03761822044219,0.264091953500244,0,0.237573516562965,0,-0.57109508645758,0.532302921717769,1,0.642474688371587,1,4.46381860454734,1,-0.566967448384494,0.531822555565182,1,0.739962908119022,1,4.464794038976,1,-5,0.738713105643821,0.745815685860246,0.9,0.96,3.05539308510755,2.23194915144753,0.79270621024077,0.9,3.20312330545514
"86",1.11081744006939,0.145230538804667,0,0.175011250786711,0,0.838565367698999,0.179058886332404,0,0.400724460655205,0,2.77063574313495,0.6,0.838562714397529,0.179033848084775,0,0.395805783964673,0,2.77168484897146,0.6,-5,1.00266984284182,0.381186535197981,0.8,0.84,1.47123000364179,1.90137713325918,0.98589773606616,0.5,2.48913540055768
"175",0.804084124236388,0.144543335514964,0,0.149270779830194,0,0.31115747371971,0.224988607200434,1,0.437430836129445,1,4.29382441301218,1,0.311907888548329,0.224871647878739,1,0.377046648215044,1,4.29159987063311,1,-5,0.829529130457042,0.56540223642186,1,1,2.04332550416602,1.67098158138388,0.876407333500562,0.9,2.88775670340952
"299",1.17897933632222,0.208633572763748,0,0.230992603249008,0,0.342995885183377,0.300647518442616,1,0.789479988024697,1,5.01744879781813,1,0.58407549655541,0.281931309305729,0,0.630244414304852,1,4.54551111069487,0.9,-2.8,1.06944383808033,0.341290299053145,0.7,0.76,1.43925749769419,1.84154673848745,1.09093437347236,0.8,3.66405808360262
"103",0.712251743556339,0.235988721228713,0,0.21386363624237,0,-0.18253285251532,0.553729300755172,1,0.684222902745357,1,5.17058328899565,1,-0.181948975896346,0.553262130884989,1,0.892087959197797,1,5.15697157591429,1,-5,0.427019532976302,0.420969748796609,0.8,0.86,1.75568909900643,1.4045633607348,0.431364690872453,0.9,3.33514982567458
"162",1.22876929805694,0.271278066925884,0,0.274337559399009,0,0.331173372094204,0.307249543313565,1,0.304215721667891,1,3.88973612335111,1,0.332526738272839,0.307199838463556,1,0.324381767938604,1,3.88948795249117,1,-5,0.968308972428808,0.402217129459949,0.5,0.54,1.45725046548504,2.06878894268969,0.999738489133076,0.8,2.89434762614939
"70",0.910374200288393,0.193103975857603,0,0.167479884289318,0,-0.15847470138824,0.31163823233354,1,0.470081294572703,1,4.82228921882894,0.9,-0.156064961415086,0.311120197334143,1,0.614740533809234,1,4.81832327314758,0.9,-5,0.613911830009249,0.424446481402255,0.9,0.92,1.68932311951746,0.631772689550728,0.626739497337697,0.8,3.30327511515836
"195",0.868924060570111,0.206984928842623,0,0.27907684151876,0,-0.517315700506686,0.60638041629278,1,0.855413633125312,1,5.3674521757787,0.8,-0.200022918726659,0.535195529903285,1,0.805451825505378,1,4.88051529926171,0.8,-3.4,0.642125430411559,0.510533719217794,0.8,0.86,1.9306759251421,0.698428235018703,0.69648321034612,0.8,2.78196593816236
"143",0.7188764801977,0.152430412087554,0,0.173044685963573,0,0.18457992349415,0.274791566184185,1,0.356687813556276,1,4.26568436896131,1,0.185131864587907,0.274669425851705,1,0.266353064029198,1,4.26442097871783,1,-5,0.676010770758976,0.490941502762064,0.9,0.9,2.01183078051343,2.15069459396018,0.759778783050938,0.8,2.97317027660735
"428",1.03162302233294,0.260359489886092,0,0.325757164014077,0,-0.0768268121904816,0.454296980151147,1,0.915618837959605,1,5.03576822985804,1,0.0592395697898005,0.433319274179197,1,0.87189262864221,1,4.77765051680603,1,-3.2,0.529117302807052,0.456334161275088,0.8,0.86,1.6838589594322,1.33230546734292,0.637745720564524,1,3.58246885248168
"156",0.954912136640847,0.163501521574334,0,0.185022606103146,0,0.142844311759363,0.306719261405273,1,0.582241986182138,1,3.70382736778137,0.8,0.332116585528686,0.2781269503575,1,0.448116708227124,1,3.33720366711403,0.8,-2.8,1.0546121327739,0.543924759790675,0.7,0.8,1.95370555897182,1.45206350720591,1.09606089572127,0.3,2.04850427924405
"303",0.700189721027241,0.245685737574551,0,0.297495579562342,0,-0.599370429966995,0.538797179576937,1,0.557765373992535,1,5.35243949826067,0.9,-0.452765463465063,0.511516838420137,1,0.507646285707917,1,5.11370453703839,0.9,-3.2,0.294843962880457,0.916050526995641,1,0.96,4.00630347248977,0.655779524790348,0.300021528344604,1,3.47679721749753
"461",1.10472084715132,0.215719958074321,0,0.214829632732011,0,0.00911182685989598,0.468155941119221,1,0.383537912530956,1,5.03082714170723,1,0.0859300464907897,0.451069994009516,1,0.346701166112099,1,4.88582094493246,1,-3.6,0.942629186411155,0.428246974130046,1,0.86,1.56841718744174,0.92209267387845,0.90302042856397,1,3.21332418631813
"477",0.98361560859898,0.251382800148812,0,0.252349634326901,0,0.440223707338077,0.279055760928738,1,0.281807885639186,1,4.62317930721732,1,0.577799607535611,0.267391673139713,0,0.302738973481552,1,4.11471325257465,1,-3.2,0.925796869565554,0.482360701382971,1,1,1.91313137367557,0.913811829591602,0.872854407442833,0.6,2.6798915263391
"218",1.24903988625315,0.275721290349516,0,0.318805404313672,0,-0.0579478739094905,0.417414970973584,1,0.791552112612313,1,4.84664006494445,1,0.213449703961982,0.367866186171674,1,0.699375132522059,1,4.39250914311094,1,-3,0.964924219109691,0.430021294742542,0.8,0.82,1.55781431940893,1.6519385872037,0.922199452413907,0.9,3.61808787026823
"374",0.644688456097305,0.170388094580981,0,0.170853188315022,0,0.359093774287498,0.21950330108326,1,0.250175681422267,1,3.44675704210644,0.9,0.414678037976383,0.216444318396815,1,0.252859790710935,1,3.33653653733873,0.8,-2.8,0.715139262387991,0.4372765366497,0.9,0.94,1.65965140137036,0.787068198729543,0.72366921631004,0.7,2.34513984396489
"264",1.26090483586293,0.255939998248709,0,0.238916259503322,0,-0.0200432608369847,0.5031679232249,1,0.565883046285715,1,7.14086845570732,1,0.0958979003100429,0.476438061007646,1,0.586109887560498,1,6.87206897692612,1,-3.6,1.14412047021431,0.512457874386554,0.9,0.9,2.19015382323163,1.66088547161335,1.17729545906001,0.4,2.63703300512888
"125",1.00278825315918,0.200630806147448,0,0.216980163095233,0,0.383278536032628,0.435321890039786,1,0.630615737336841,1,3.85202399493812,0.9,0.607144645211098,0.36761855385676,1,0.37040352223715,1,3.59257892008126,0.9,-2.6,0.85649368370822,0.414955525490747,0.7,0.84,1.53659757278749,1.74491861624232,0.980959983268896,0.7,3.00577057440193
"184",0.709812909966063,0.198693694821416,0,0.233817321154199,0,0.338439440849815,0.286689932536411,1,0.249131621740001,1,3.9942590385092,1,0.521667332009172,0.250719769613542,0,0.268703869214313,1,3.43972650005202,0.9,-2.4,0.623296318980394,0.391687153508653,0.8,0.66,1.68699914026556,0.640412619496763,0.627848001178537,0.8,2.27614733232889
"55",1.30202758497543,0.204812734050583,0,0.200574599499346,0,-0.0494298162319073,0.602055542775254,1,0.479980421925447,1,4.08093381915766,1,-0.0437984076657396,0.60093416652081,1,0.416201715112293,1,4.07383022571962,1,-5,1.22294098875401,0.587676499762564,0.9,0.92,2.17725277014448,1.92796256960747,1.28192351296878,0.3,2.70895896981316
"379",1.41831672095431,0.188937637940538,0,0.21187049000487,0,-0.40512202988513,0.64165998548847,1,0.898537190642485,1,6.83794983400077,1,-0.0718118484464729,0.549676592028546,1,0.823074796396457,1,6.03576595238542,1,-3.4,0.822506300839457,0.713953529179418,1,1,3.12733251253694,0.830922223857221,0.81919613606772,0.8,2.79098776123675
"23",0.795566338826029,0.235371471383604,0,0.254595741537037,0,-0.4366350155641,0.457565390017958,1,0.439401690993622,1,5.8805979803494,1,-0.232960575576032,0.405751693460881,1,0.433375854637647,1,5.36550473639787,1,-3.2,0.774233177314482,0.3723105251327,0.8,0.74,1.65754826520736,0.979573573659524,0.881601074326017,1,3.51899854319372
"314",1.24200750854182,0.1709074361845,0,0.159829814275269,0,0.849445092521453,0.254098242990582,0,0.333745174420496,0,3.31354058517061,1,0.910683724268247,0.243987352786422,0,0.374172152249677,0,3.11373032144245,1,-2.8,1.10550426170106,0.36799905566157,0.6,0.62,1.42065612605398,2.14898821489577,0.885467465660942,0.9,2.23387217265838
"484",0.847234215744716,0.165930385113029,0,0.171901422456609,0,-0.19504524923535,0.464998155275194,1,0.635383090665821,1,5.72075830458087,1,-0.0811685039693186,0.421492352100606,1,0.66391780808929,1,5.12192219816045,1,-3,0.778968785871962,0.414733302321599,0.9,0.88,1.50947202606612,2.46550381873338,0.832542090076434,1,4.2301151118001
"205",0.837973373467799,0.196158670919872,0,0.186127705007674,0,0.389716929170954,0.282065048966619,1,0.388432365717586,1,4.46354124166661,1,0.500741573731084,0.276702898112753,1,0.375264363123416,1,4.13038787213408,1,-2.8,0.752516566186542,0.562041261170612,1,0.98,2.26352750308516,0.901672732233671,0.763584926744162,0.8,3.2958248814471
"224",0.475934263746904,0.182162005259747,0,0.162847826169402,0,-0.256805771111397,0.336069213736234,1,0.293425074302775,1,4.04355306962508,0.8,-0.162171417388353,0.314448430681922,1,0.341236824085162,1,3.86708389527818,0.9,-2.8,0.427407619863293,0.544588212096958,1,1,2.39398243369208,0.426882308805816,0.477178971529299,1,2.91869826230103
"365",0.967683630674527,0.171940533486184,0,0.203247010624025,0,0.535737849268333,0.299571320125557,1,0.673625395179872,1,3.52469601289305,0.9,0.617848485758206,0.286996794475549,0,0.59989946646828,1,3.37002361803188,0.9,-2.6,0.970541617110313,0.42868257348011,0.8,0.88,1.59195067545555,2.23630151319243,0.993390185795665,0.9,2.65516881568945
"164",1.12962691954731,0.206983108182931,0,0.194187382237447,0,0.225677609805718,0.366311724363774,1,0.46883959005115,1,4.48029885776386,0.8,0.577334286252398,0.32554741177499,1,0.383088165511703,1,3.89210569142745,0.8,-2.8,1.28292921191675,0.332303342448735,0.8,0.7,1.3484161711192,2.0457731284138,1.30562490523635,0.6,2.63065309115561
"3",0.36998725267706,0.274587561741457,1,0.289645956341924,1,-1.28712786726652,0.740562443151167,1,0.760535588749692,1,6.58627213517558,0.9,-1.04670352609837,0.678274681050951,1,0.692573304291264,1,6.17286350270545,1,-3.2,0.41617370606439,0.504675731315432,1,0.92,2.01971139152809,1.63399037667849,0.407815032904386,0.8,2.91937214437294
"453",0.915687505805419,0.200805568099242,0,0.195939217954451,0,0.57697825750425,0.234537303328922,0,0.341595355124208,1,3.14668852210965,0.9,0.577867715276402,0.234406995965651,0,0.333169724165996,1,3.14698556897999,0.9,-5,1.00542558622883,0.444596849445216,0.7,0.72,1.78249078919342,1.02512062526171,0.989474834918089,0.7,2.31454240891637
"185",0.451147196572733,0.201624540288415,0,0.2124178991405,0,0.0277325840234703,0.274083310945508,1,0.34762263714127,1,3.2299485819373,0.7,0.1195580677605,0.256671178016689,1,0.284437896512687,1,3.02100869815164,0.7,-3,0.581059649171699,0.477625063719905,1,0.92,1.83063581268361,3.28240861740277,-4.70194700118202,0.7,15.8560818707084
"85",0.769594278927409,0.174707303854285,0,0.185182472151278,0,-0.209082402355239,0.429489414229124,1,0.683825549079642,1,6.8148505812725,0.9,-0.0874739197190681,0.399362731900272,1,0.600447993592473,1,6.46103376027078,1,-3.2,0.721624404439846,0.467999776338365,0.9,0.94,1.64139134699187,2.34310754136002,0.750229946403046,1,3.77593735594739
"301",1.23857057053703,0.241752454583449,0,0.27223981689394,0,-1.21134039962754,1.24899761475192,1,0.755760230145288,1,7.57693902568081,1,-0.46743473758572,0.998062037755168,1,0.784455698815799,1,6.08450872396285,1,-3.2,0.741290394360605,0.36599679099793,0.6,0.74,1.31519759916737,0.712787661450028,0.687964765703582,1,3.79838011180425
"377",0.744234297896769,0.213745235249248,0,0.277479314821955,0,0.0454894372830199,0.263345662830842,1,0.332592457272635,1,4.87294808434201,1,0.151090691626744,0.247364514869531,1,0.358538499675329,1,4.67693998975799,1,-2.8,0.587044558147428,0.500921354415933,1,0.88,2.10586522192755,0.851647152790699,0.638376259627224,0.7,3.0188565558388
"510",1.24625050578749,0.247612523955659,0,0.224696665341194,0,-0.466467786415731,0.73033046547171,1,0.485973351434755,1,4.91144260244229,0.9,-0.154848790910543,0.646755993249739,1,0.500627374362795,1,4.28126511041322,0.9,-3.4,1.2450972089657,0.433316225122985,0.8,0.88,1.79975935982797,1.92238957299886,1.2714881726458,0.5,3.19474186311241
"396",0.911598668459038,0.201558172975657,0,0.217237546186026,0,-0.70414518693133,0.543994835747708,1,0.419036706469114,1,5.81961861161233,1,-0.610186562927461,0.522129481014236,1,0.435108200240888,1,5.62543203969494,1,-3.6,0.649552167096289,0.432886022935837,0.8,0.9,1.68022093795926,1.53255448331538,0.579033619559207,1,3.21625972383805
"371",1.3839524755737,0.263099003604746,0,0.328953335545369,0,0.0698887422550416,0.46366317875599,1,0.467025405886735,1,5.90803486582709,1,0.273901183313488,0.431044436982432,1,0.43148905673121,1,5.31658565916757,1,-3.4,1.08220452247861,0.367156543050456,0.7,0.8,1.37165724575726,0.964613414440201,0.81123032298559,1,3.02236084233659
"309",0.974189020483355,0.237642125676019,0,0.248553428069445,0,-0.6122497978329,0.656540552165862,1,0.743765288335242,1,5.59700648997745,0.8,-0.51244486238378,0.634042286547785,1,0.705080588326907,1,5.36281188250298,0.8,-3.8,0.954820620736132,0.576149129507903,1,0.96,2.29231988040512,0.866202584224989,0.826213004265207,0.9,2.72111453438658
"33",0.869032388392073,0.168646329084803,0,0.184754275877005,0,0.128507636008784,0.367115644124378,1,0.572447713275032,1,5.54304262645979,1,0.228452171646273,0.340022792819422,1,0.469540885618614,1,5.26279569754392,1,-3.2,0.784487402116436,0.508942081882822,0.9,0.98,1.89724470666899,1.03786478943086,0.84270549237646,0.7,3.08270184437878
"381",1.57628061224122,0.274394107213411,0,0.239989815624029,0,0.897415230563157,0.494795637749901,1,0.530163682191112,1,5.19065002711671,1,1.50588357899753,0.387023092614308,0,0.492899391234507,0,3.91363294209177,1,-2.4,1.35009259182805,0.422609518403208,0.8,0.9,1.55427715533542,1.32668175098202,1.3141305758053,0.6,2.68902674199467
"495",0.840916646981059,0.164276932263476,0,0.171277569905591,0,0.32040943773071,0.226965002413777,1,0.308026242615581,1,2.96216800533991,1,0.41312278028634,0.218784554859265,1,0.301968053836896,1,2.84544600573014,1,-3.2,0.519326662509909,0.341536270980924,0.9,0.82,1.37886460845653,0.481142892531956,0.408897793985093,0.9,2.37381491957883
"516",1.35337779750861,0.180700231044599,0,0.162345586554326,0,0.724521556714779,0.328749494778772,0,0.30708096655512,0,4.68927964598911,1,0.786229463492473,0.319780912566068,0,0.285727105970009,0,4.47486645058152,1,-3.2,1.14623701170034,0.386003411316169,0.7,0.82,1.51687316994286,1.1457120932574,1.14440891949952,0.6,2.37657170256661
"197",1.240989300891,0.237546547271138,0,0.242783429454153,0,-0.0304539901373455,0.486915283330996,1,1.02707859084242,1,6.33712366216895,1,-0.0251596719894018,0.485198528621637,1,0.958156065739618,1,6.32305446975362,1,-4.8,1.02030374807271,0.640551495923438,0.9,0.98,2.48166883058981,1.06812762029077,1.06172334379152,1,4.30575874530146
"123",0.787492820922908,0.239637533745433,0,0.311420530386661,0,-0.502386388886588,0.47986746072848,1,0.778286781336354,1,5.73369521371145,1,-0.434862207014671,0.471514819231972,1,0.672853870707947,1,5.61229729754907,1,-3.6,0.703594467288274,0.528146586899805,1,1,2.01359816052001,2.89158938715613,1.04702713206902,0.8,3.58826599047676
"49",0.724293020958219,0.22501540317652,0,0.267400005150151,0,0.0467937544314605,0.303788496026631,1,0.739914826165257,1,3.82682254710949,1,0.0912090304104431,0.301090116836936,1,0.791541250473738,1,3.85466143323317,1,-3.6,0.639218291422277,0.579472694978072,0.9,0.96,2.51666301705878,0.85603524302972,0.848182977579087,1,3.55449997639727
"436",0.693232470431335,0.140602760507706,0,0.142989257210089,0,-0.0262322997513,0.254466666980095,1,0.325431041941337,1,3.85675063260411,1,-0.0245458272800798,0.254148099084028,1,0.312910644850561,1,3.85338404640721,1,-5,0.442785532383604,0.444058103071026,0.9,0.82,1.73449009411821,2.728639459894,0.503903292456673,0.9,2.6470841715075
"7",1.47377644616349,0.228101966184722,0,0.212133783218808,0,-0.252646780637444,1.07352431720147,1,0.497923464180723,1,7.50432080102876,1,0.180760282837898,0.833640924117742,1,0.589129401528169,1,6.49806657459184,1,-3.4,1.06762696289209,0.56639065692759,0.8,0.84,2.2617111200828,1.75079378931095,1.14982027776497,0.8,3.32014801373202
"431",1.13092924686612,0.280958926084726,0,0.290955613532958,0,0.603215200524378,0.416722175449012,1,0.664698050034026,1,4.98630205104759,1,0.681373450618583,0.393393326788701,1,0.650468460277479,1,4.74078795320212,1,-3,1.11323720426068,0.389532250676116,0.9,0.88,1.503907888041,2.67426441143598,1.23779202070361,0.6,3.33838979368896
"382",1.01631029878395,0.215100432202679,0,0.219871761911288,0,0.12010275002031,0.36368827636146,1,0.440128182980423,1,5.21268795815462,0.9,0.322036283303353,0.325101790370064,1,0.356925697713295,1,4.86533645138205,0.9,-3,0.841551344092597,0.499022702129138,0.9,0.9,2.02836436563172,0.841465709753088,0.798136324484354,1,2.84712248928143
"206",1.06776846638009,0.244151274341048,0,0.203887359370433,0,0.145813389417443,0.420195171683686,1,0.495552158688304,1,4.0378274573295,1,0.447698988901466,0.385975484746058,1,0.472325224368493,1,3.53339072539963,1,-2.8,0.940598203639305,0.540643387056895,0.9,0.92,1.94690808081031,0.939568376467478,0.932967760483151,1,3.34763468923104
"465",0.917134554788613,0.226619910555632,0,0.258292104737005,0,0.00567857504911018,0.371623483491634,1,0.500378960905486,1,4.1002777608277,1,0.00763370483539161,0.37144648039663,1,0.458569049779503,1,4.09864794993711,1,-5,0.859286927816065,0.41631309154643,1,0.84,1.75592369912887,1.53959449563697,0.928502696457301,0.7,3.18384776035143
"170",0.697370611564812,0.238579665003751,0,0.269792369727174,0,-0.104530539729496,0.542932068080547,1,0.538876305720376,1,9.01981109647879,1,0.0249638131709351,0.444231360240178,1,0.525265292083599,1,7.47747986635769,1,-2.8,0.671036295715655,0.418323909722768,1,0.98,1.72426609407914,2.00930306992152,0.599313735587379,1,3.7020892724253
"105",0.983489797336703,0.263870576438008,0,0.29077706657075,0,-0.0815266338160803,0.521540358404411,1,0.686185053124606,1,6.80992109864428,1,-0.0202368673494266,0.511244394693657,1,0.675594812097184,1,6.56052992111917,1,-3.4,1.11544433528851,0.605894650985135,0.9,0.92,2.23105435664027,1.10191204450723,0.871077569198921,1,3.60614887327915
"52",0.65174948209217,0.422801244651273,1,0.324291995009827,0,-0.333955756588391,0.392320792722916,1,0.84551102990225,1,3.5003905234153,0.9,-0.329620614093384,0.392670931323033,1,0.832394703041947,1,3.49632068999652,0.9,-5,0.534444777801574,0.398302866363146,1,0.84,1.61057479894901,0.543925912844257,0.533775904318678,1,2.72580158785475
"389",0.76474089271286,0.200866331757161,0,0.234567174512225,0,-0.905509603168254,0.642625945043682,1,0.682453878016177,1,7.40706385907918,0.9,-0.578614827430347,0.568237263726513,1,0.663414645562134,1,6.33350795365476,1,-3,0.687863707170476,0.462883903909503,0.9,0.9,1.90575851419245,0.65999569226869,0.649462552042096,1,3.30901106934026
"391",1.04649339810988,0.180070798514134,0,0.148774248729286,0,0.405907170893326,0.25459202847358,1,0.285113371424537,1,4.58698116536246,1,0.406406346197815,0.254532156293124,1,0.267410423616413,1,4.58623112577032,1,-5,0.8377230672613,0.600468704788545,1,0.98,2.1184052850847,2.16572000199341,0.832780917412927,0.8,3.33633198631761
"326",0.926217969678027,0.172726130966321,0,0.167496848569791,0,0.617240894552813,0.358278840307308,1,0.394926193314874,1,5.01172066365858,1,0.617645449573669,0.358084260673884,1,0.351871653579918,1,5.00942914000053,1,-5,1.01571529092857,0.513608155175785,0.9,0.96,1.94119116176038,0.368163325154698,0.99549440452832,0.9,3.1759856203728
"1",0.608245934200254,0.283499352210391,0,0.263284072525276,0,0.388141728410284,0.426405796172843,1,0.442738991368416,1,3.77048036769318,0.8,0.387040451495725,0.425638343879266,1,0.395978878050114,1,3.76529949547882,0.8,-5,0.573352402731193,0.459963093848643,0.8,0.8,1.78533870210552,0.490117670917647,0.53012286779646,0.7,2.30449169125811
"62",0.593141414803996,0.177455507904859,0,0.170699960055455,0,-0.111061537431028,0.241982254233044,1,0.414013033389006,1,4.30983403011599,1,-0.110221850842151,0.241879848301768,1,0.396806566410654,1,4.30795552463021,1,-5,0.542631243898362,0.346324252896957,0.8,0.72,1.25650988306459,0.695419775993081,0.623851816171667,1,2.9590936608086
"463",0.411741929684179,0.214826546867839,1,0.223864442022,1,-1.11603402795191,0.785292759758124,1,0.780920836481219,1,6.75489986321403,0.8,-0.958287856695499,0.748568154884343,1,0.526532770775279,1,6.25033620291874,0.8,-3,0.422303809853869,0.455629092149113,0.9,0.92,1.80406104880965,0.941318682963863,0.434673988054813,1,2.91854062538018
"281",0.894966282750557,0.269078137761227,0,0.248530059645603,0,-1.58284151244424,1.08409621707118,1,1.45256321367693,1,10.2318041279213,1,-1.150319642824,0.909465503567136,1,1.26143746028654,1,8.42098533775868,1,-3.4,0.470654293539384,0.585429438201495,1,0.92,2.54274905285877,0.458127241538756,0.467150678564352,1,3.35261607850962
"356",1.1186621564133,0.237145969477323,0,0.292085551295817,0,0.740088101034932,0.26721077402718,0,0.428248358224651,1,4.12638172301321,0.8,0.833651137615556,0.262780728924281,0,0.417140339574139,0,3.97279031300344,0.8,-2.8,0.915481865758859,0.66466759477215,1,0.94,2.93670607782192,2.27136760263169,0.8985045030039,0.8,3.29637756139253
"307",1.02808601093377,0.248267974325543,0,0.270785286450817,0,-0.0254220198686932,0.502940397855779,1,0.465082832095202,1,4.05250961500722,1,-0.0222995158998422,0.502303916027141,1,0.422745161344072,1,4.0479826642322,1,-5,0.783546380333773,0.617358827285998,1,0.96,2.24739225638555,0.751462648710584,0.70142538118611,0.8,2.43145777210264
"337",0.847980718867124,0.154363373245198,0,0.19347935341494,0,-0.102657584852167,0.333271213358529,1,0.390182282021852,1,3.22117980308439,1,0.138087896129076,0.31033747273274,1,0.321284126144343,1,2.95191070129525,1,-2.8,0.627233658677458,0.377500423422867,1,0.84,1.57482639667797,1.11073768873286,0.625436809084307,1,2.11944378848752
"257",0.797820859990364,0.243828329463653,0,0.222745104985356,0,-0.169987193704667,0.511504698815729,1,0.647714454370772,1,6.65601536273253,0.8,-0.151822388280715,0.507118867831643,1,0.547415099980744,1,6.61385619447178,0.8,-4,0.748491875156195,0.464647130105043,0.9,0.94,1.8858608048008,-0.0865796879571565,0.633454976126291,1,3.91825342700647
"302",1.27402078457846,0.286391338263339,0,0.354652853292456,0,0.0441173225233746,0.771858657217347,1,0.814579833514794,1,8.1274169853932,1,0.354351129064209,0.614783976270397,1,0.725633152863822,1,6.6147015728383,1,-3.2,1.29104805758345,0.845871419986882,1,0.96,3.53240624078049,1.33924891044648,1.1399944332206,0.7,2.84033459588256
"315",0.821238677630305,0.190942796526324,0,0.20974730938242,0,0.104962096528324,0.342762433505103,1,0.40631245314601,1,4.00567416646349,1,0.134554490344474,0.333166598707918,1,0.340046831868255,1,3.89352096247965,1,-3.6,0.773457207771996,0.501592568125461,1,0.96,1.86570512481518,0.789561275250872,0.808521083993204,0.9,2.69086752790541
"364",0.459099062375545,0.1886031496903,0,0.216725419215745,0,-0.306817550740214,0.362100852383787,1,0.445798339615187,1,4.73065960346577,1,-0.306213839242636,0.36196402523851,1,0.45222235527575,1,4.72938639415748,1,-5,0.585980330101276,0.376725104251595,0.8,0.86,1.5562719385969,0.571562392669594,0.586118970265884,0.9,2.71074480953099
"51",0.759115961231608,0.167838730959893,0,0.178600168747854,0,-0.0871128582784424,0.409154068471499,1,0.34594548490974,1,4.1718191822661,0.9,-0.0219174234050876,0.392964669515101,1,0.37273905104708,1,4.05032571495171,0.9,-3.6,0.566444593482955,0.435496686426823,0.9,0.82,1.58013737095375,0.511541128653607,0.174429537657549,1,3.74983277402149
"474",1.16453732488354,0.197302221510735,0,0.224491232138587,0,0.095776201302388,0.512021317949691,1,0.490228674064205,1,4.14690217645695,1,0.0977872875595187,0.511426438945984,1,0.434688135038041,1,4.14357237104813,1,-5,1.12434483321331,0.632392353567699,0.9,0.98,2.38922826343293,1.1226086464768,1.01044236912541,0.9,2.74312782767196
"36",0.579877644511226,0.342950432926084,1,0.322486918668092,1,-2.08013459295609,1.04325527468745,0,1.12712107884259,1,7.31506066028076,0.7,-1.49497500416283,0.926638608711286,1,0.802292380878223,1,6.87122764012412,0.7,-3.4,0.410373755716142,0.480915286977719,1,0.96,1.80216776392607,1.50464738067782,0.591963301503399,0.9,3.21490340824403
"442",0.889099594550149,0.361244455194388,0,0.416484357704324,0,-2.34487616442425,2.04958733206342,1,1.97827127728931,1,13.0222854562407,0.9,-2.33512672291525,2.04476305836563,1,1.98268890940597,1,12.9934629681671,0.9,-5,0.458725830366735,0.568434859985198,0.9,0.98,2.21781777152262,0.464826712098774,0.457863961382834,0.9,3.5574032284833
"276",0.644095880859778,0.314343888944589,0,0.285837304031082,0,-0.845333449985886,0.508981434467504,1,0.794469536566451,1,6.21977286732194,1,-0.652379066023207,0.489305566671002,1,0.597102506585908,1,5.84239675248777,1,-2.8,0.353134527353666,0.611037504945272,1,1,2.34879709950968,-0.105408723338221,0.205851697983444,1,3.85999387729575
"117",0.465127994950141,0.287569674083552,1,0.255641121966938,1,-0.733279719394873,0.617314754208964,1,0.515913555378383,1,4.59938332352386,1,-0.695992101534775,0.614357105558589,1,0.54058738455551,1,4.54062464111453,1,-3.6,0.329407695657835,1.08246613023907,1,1,4.8156500933605,0.0423034160502853,0.279517571768991,0.9,3.49657922330123
"42",1.19410315182241,0.26727814038851,0,0.258980225652264,0,0.37890346349586,0.487155205127068,1,0.70847141449413,1,4.31501274061399,1,0.380131991028912,0.486834171058587,1,0.700432016065376,1,4.31158729130422,1,-5,0.925937984607243,0.523700784755421,0.7,0.82,2.26818745211697,0.927014961148939,1.05823679565846,0.9,3.44931538642033
"435",1.0157324683983,0.285541717956522,0,0.330103611049125,0,-0.497340489888819,0.591621537370289,1,0.565063313952592,1,5.47069276511253,1,-0.312120154517681,0.566035432024196,1,0.626474195926587,1,5.22009185934563,1,-3.4,0.822932289168329,1.14027014063341,1,1,4.45300773288923,2.05122427734914,0.895281241346251,0.9,3.2324073411086
"277",0.684369166413327,0.195773247653918,0,0.198009054589,0,-0.0638725552287287,0.336922064716499,1,0.507076148806386,1,4.27563895648086,1,-0.0632372001324217,0.336829231947067,1,0.464236697931997,1,4.2744512685238,1,-5,0.635101839174212,0.49426135814437,0.9,0.92,1.69527592321486,0.228462975906178,0.625699483364222,1,3.42190340647557
"73",0.520147525240725,0.202689260423031,0,0.187721217696955,0,-0.155827043161981,0.318784904808521,1,0.573403839344195,1,4.6815554252066,1,-0.0696655644404527,0.303186618604305,1,0.497927458270738,1,4.55841992011143,1,-3.2,0.795213612089006,0.680635713939062,1,0.98,2.529583806184,0.734381638990257,0.774083314178163,1,3.49492024222481
"418",1.39633387007805,0.218038756647997,0,0.223498057315407,0,1.08436949602724,0.199010864940491,0,0.358201721713187,0,3.41941949611139,0.9,1.10196378319426,0.197509887161088,0,0.363090996639518,0,3.32495525400715,0.8,-3.6,1.01269643928408,0.608214230067923,0.8,0.96,2.62241635482808,1.14338556862665,1.05394944894707,0.4,2.54532514156896
"491",0.576879080060924,0.255715953951296,0,0.248995004778479,0,-0.429582775125679,0.415702704506456,1,0.644927012382884,1,3.98387275053402,1,-0.405858383770957,0.408283794999214,1,0.550892980638917,1,3.95520029048976,1,-3.6,0.605479889850656,0.593427665436713,1,0.96,2.20828701679907,0.528093970753559,0.519707711077014,0.9,2.98418626870628
"421",0.918963988930731,0.220322540774965,0,0.256086796904457,0,0.352973538935303,0.293310627787104,1,0.507419381811608,1,3.86502438289282,0.9,0.414525289009513,0.279700193596952,1,0.537327626077107,1,3.78275016635559,0.9,-3,0.88310563366052,0.497228686975507,0.8,0.88,2.01048665313692,0.933065501166161,0.89586725034576,0.9,2.96071237904998
"176",0.578098066522848,0.168085615549691,0,0.163346779696912,0,-0.369046107958499,0.34920066709767,1,0.524162750515084,1,4.59672304755511,1,-0.195896790390729,0.321793919567029,1,0.485982516158086,1,4.23934133774424,1,-3,0.395528079016426,0.473248784970915,0.8,0.88,1.80465431698985,0.38212583560431,0.37089695239517,1,2.53317571147035
"220",1.03227196922525,0.269612580724532,0,0.279389594673717,0,-1.32556284887441,0.629218243302341,0,0.863367089781844,1,6.42306562216674,0.9,-0.841825560246412,0.581161802042961,1,0.916801847205763,1,5.67265561288456,0.9,-3.2,0.703629971636652,0.411103808100674,0.9,0.86,1.79188565555392,1.48092292074684,0.770192292612768,0.8,3.15072865864819
"124",0.323195636379463,0.231782271859041,1,0.235574809405849,1,-0.319722479600331,0.303041371331595,1,0.368328491318049,1,3.72362118999423,1,-0.319620662103219,0.300419394034062,1,0.381404204477938,1,3.70526823216167,1,-3.6,0.262596439249378,0.890271311479825,1,0.96,3.05309013657596,-0.489589710680145,0.194772892867126,1,2.93987768759673
"270",0.694854418504922,0.216068286978921,0,0.190032255225301,0,0.0414202846992526,0.230838530110257,1,0.437378403881968,1,3.77092033452745,1,0.0434244339695073,0.230585101877117,1,0.430529095440136,1,3.76820532359585,1,-5,0.481397300890317,0.521096406798152,1,0.98,1.99573024948765,0.737699296761557,0.533678418336843,0.9,3.43564079397221
"517",0.642140545129523,0.201581143793602,0,0.263230958043288,0,-0.0995382198525081,0.376033957532578,1,0.74341543306244,1,3.24488119049766,0.8,-0.0623617704485668,0.371428585136512,1,0.693149606191837,1,3.1908417674369,0.8,-3.6,0.489385652302373,0.430534652572378,1,0.9,1.73590604534779,0.933774646044328,0.465237338679364,0.8,2.70363667721962
"251",1.05039733024334,0.368452413273493,0,0.351297974582639,0,-0.505480545120125,0.690949700328945,1,0.629733091942314,1,4.64041682876195,0.9,-0.491369013493028,0.688499198952877,1,0.623540371411051,1,4.63529923015096,0.9,-5,0.591773204517031,0.475933585608471,1,0.88,1.75397391818531,0.917052855731974,0.68943489272724,1,3.21784836738738
"8",0.749429468448448,0.249305835713915,0,0.232548944636461,0,-0.176675723808723,0.388437677140341,1,0.424400026048706,1,5.24981524124762,1,-0.176294941902231,0.387749075035707,1,0.351723100794716,1,5.24681913695908,1,-5,0.568850931757897,0.315351677084522,0.8,0.8,1.44650868744454,0.563746875427964,0.583890666091662,0.8,2.98534291364854
"227",1.25008777542774,0.239637205836694,0,0.215452326633827,0,0.0241834521980624,0.48613804685789,1,0.469522061822939,1,6.54240546846433,1,0.35304518078891,0.404238218567224,1,0.415148146741731,1,5.45052247569437,1,-3,0.994085009957011,0.584180012715211,1,0.92,2.53724344990713,0.99567223131884,0.98403605660848,0.9,3.26109780521628
